   0.00000         0.42995         0.00480         0.08556         0.00749
   1.00000	   2.42995	   0.02480	   0.18556	   0.02749
   2.00000	   2.23092	   0.01297	   0.18734	   0.01357
   3.00000	   2.10220	   0.01128	   0.19801	   0.01206
   4.00000	   2.01834	   0.01016	   0.18788	   0.01041
   5.00000	   1.98707	   0.01043	   0.17688	   0.01060
   6.00000	   1.95570	   0.01441	   0.16755	   0.01471
   7.00000	   1.92209	   0.00972	   0.16638	   0.00975
   8.00000	   1.90524	   0.01006	   0.15283	   0.01008
   9.00000	   1.87631	   0.01111	   0.13786	   0.01123
  10.00000	   1.85871	   0.00957	   0.14354	   0.00974
  11.00000	   1.84783	   0.01250	   0.12073	   0.01253
  12.00000	   1.80534	   0.00720	   0.11315	   0.00720
  13.00000	   1.80433	   0.00542	   0.12192	   0.00543
  14.00000	   1.79582	   0.00469	   0.12160	   0.00469
  15.00000	   1.79228	   0.00882	   0.11396	   0.00884
  16.00000	   1.76104	   0.00481	   0.10062	   0.00481
  17.00000	   1.76836	   0.01239	   0.12501	   0.01263
  18.00000	   1.74869	   0.01290	   0.12149	   0.01308
  19.00000	   1.75079	   0.00343	   0.10171	   0.00350
  20.00000	   1.71534	   0.00611	   0.09635	   0.00612
  21.00000	   1.70847	   0.00751	   0.10700	   0.00758
  22.00000	   1.68862	   0.00593	   0.09033	   0.00593
  23.00000	   1.70416	   0.01078	   0.10547	   0.01084
  24.00000	   1.68748	   0.01691	   0.12546	   0.01738
  25.00000	   1.69050	   0.00519	   0.09739	   0.00519
  26.00000	   1.67134	   0.00793	   0.12866	   0.00795
  27.00000	   1.65251	   0.02259	   0.13822	   0.03025
  28.00000	   1.66323	   0.01072	   0.09687	   0.01083
  29.00000	   1.65312	   0.01231	   0.08501	   0.01232
  30.00000	   1.66871	   0.00660	   0.11032	   0.00680
  31.00000	   1.64191	   0.00816	   0.09350	   0.00819
  32.00000	   1.62316	   0.00755	   0.10625	   0.00789
  33.00000	   1.60331	   0.02542	   0.11205	   0.03520
  34.00000	   1.63343	   0.00482	   0.09927	   0.00489
  35.00000	   1.60509	   0.00804	   0.10085	   0.00804
  36.00000	   1.60164	   0.00960	   0.10251	   0.00987
  37.00000	   1.59810	   0.01495	   0.07020	   0.01590
  38.00000	   1.60828	   0.00861	   0.08340	   0.00861
  39.00000	   1.57218	   0.00554	   0.06765	   0.00556
  40.00000	   1.58913	   0.01310	   0.05486	   0.01196
  41.00000	   1.59798	   0.01109	   0.06067	   0.01109
  42.00000	   1.57840	   0.01458	   0.07844	   0.01460
  43.00000	   1.55668	   0.00988	   0.09596	   0.00993
  44.00000	   1.54427	   0.00836	   0.09805	   0.00976
  45.00000	   1.57029	   0.01170	   0.05367	   0.00942
  46.00000	   1.58056	   0.01443	   0.11149	   0.01497
  47.00000	   1.54119	   0.00696	   0.06109	   0.00696
  48.00000	   1.54414	   0.00416	   0.03929	   0.00395
  49.00000	   1.49885	   0.01674	   0.06777	   0.01908
  50.00000	   1.52059	   0.01846	   0.09250	   0.02120
  51.00000	   1.53969	   0.01643	   0.06982	   0.01802
  52.00000	   1.53776	   0.00698	   0.10891	   0.01029
  53.00000	   1.52043	   0.01155	   0.09408	   0.01216
  54.00000	   1.52973	   0.01705	   0.09083	   0.01716
  55.00000	   1.55418	   0.01136	   0.07943	   0.01142
  56.00000	   1.50949	   0.00943	   0.06164	   0.00947
  57.00000	   1.53076	   0.00511	   0.07937	   0.00502
  58.00000	   1.51521	       inf	   0.09140	       inf
  59.00000	   1.50180	   0.00777	   0.06943	   0.00831
  60.00000	   1.55569	   0.01955	   0.09122	   0.01948
  61.00000	   1.49280	   0.00755	   0.04882	   0.00784
  62.00000	   1.50540	   0.01043	   0.08399	   0.01099
  63.00000	   1.46291	   0.00896	   0.05967	   0.01056
  64.00000	   1.48426	   0.00893	   0.05203	   0.00889
  65.00000	   1.47615	       inf	   0.12562	       inf
  66.00000	   1.50922	   0.01734	   0.07710	   0.01746
  67.00000	   1.49144	   0.00306	   0.07144	   0.00308
  68.00000	   1.47972	   0.01619	   0.08446	   0.01640
  69.00000	   1.52060	   0.13037	   0.14789	   0.15363
  70.00000	   1.26635	   0.18937	   0.18481	   0.07266
  71.00000	   1.49556	   0.00473	   0.09582	   0.00488
  72.00000	   1.46051	   0.00341	   0.06129	   0.00341
  73.00000	   1.46907	   0.00692	   0.03416	   0.00587
  74.00000	   1.44269	   0.00613	   0.03843	   0.00641
  75.00000	   1.47337	   0.02258	   0.07342	   0.02274
  76.00000	   1.44430	   0.01311	   0.09313	   0.01338
  77.00000	   1.45076	   0.01200	   0.09107	   0.01257
  78.00000	   1.41839	   0.00685	   0.07053	   0.00740
  79.00000	   1.42157	   0.00492	   0.06829	   0.00491
  80.00000	   1.39230	   0.01908	   0.10146	   0.02151
  81.00000	   1.43761	   0.01009	   0.05485	   0.01013
  82.00000	   1.42947	   0.00956	   0.07609	   0.01081
  83.00000	   1.42341	   0.00813	   0.05281	   0.00816
  84.00000	   1.39826	   0.01346	   0.09312	   0.01469
  85.00000	   1.42638	   0.00557	   0.05949	   0.00577
  86.00000	   1.44230	   0.01218	   0.04978	   0.01208
  87.00000	   1.37192	   0.02368	   0.10919	   0.02227
  88.00000	   1.38904	   0.02221	   0.08932	   0.02449
  89.00000	   1.27924	   0.14740	   0.13702	   0.07460
  90.00000	   1.41098	   0.00702	   0.05169	   0.00707
  91.00000	   1.38747	   0.00284	   0.07551	   0.00288
  92.00000	   1.39429	   0.02025	   0.09077	   0.02255
  93.00000	   1.39779	   0.01665	   0.08504	   0.01878
  94.00000	   1.36130	   0.01279	   0.06805	   0.01353
  95.00000	   1.38247	   0.00300	   0.04522	   0.00300
  96.00000	   1.38624	   0.00834	   0.04593	   0.00843
  97.00000	   1.37091	   0.00573	   0.07336	   0.00643
  98.00000	   1.37598	   0.00594	   0.04417	   0.00593
  99.00000	   1.35166	   0.00558	   0.08883	   0.00636
 100.00000	   1.36197	   0.02729	   0.08303	   0.02867
 101.00000	   1.35947	   0.01140	   0.06362	   0.01248
 102.00000	   1.37600	   0.00569	   0.04192	   0.00590
 103.00000	   1.34355	   0.00260	   0.04745	   0.00272
 104.00000	   1.36076	   0.01383	   0.07236	   0.01487
 105.00000	   1.35146	   0.00693	   0.05171	   0.00733
 106.00000	   1.33133	   0.01181	   0.04332	   0.01199
 107.00000	   1.35037	   0.00596	   0.04680	   0.00598
 108.00000	   1.35894	   0.01542	   0.07181	   0.01583
 109.00000	   1.33903	   0.00903	   0.06787	   0.00944
 110.00000	   1.35697	   0.01874	   0.04183	   0.01298