0.5	3.062996	0.02698188	0.1800478	0.04058265
1.5	2.786964	0.003612382	0.1415828	0.003256026
2.5	2.621785	0.00223969	0.1197267	0.001806361
3.5	2.507817	0.002186718	0.1184064	0.001686376
4.5	2.428517	0.002029984	0.1072566	0.001642059
5.5	2.367276	0.002171485	0.1083885	0.001746293
6.5	2.31489		0.002068734	0.1017355	0.001643183
7.5	2.269258	0.002113096	0.09962993	0.00169135
8.5	2.233104	0.002224267	0.09961965	0.001625687
9.5	2.196356	0.002149036	0.1015315	0.001756801
10.5	2.166278	0.002058989	0.09984613	0.00162182
11.5	2.143519	0.002127348	0.1004992	0.001651076
12.5	2.125558	0.002199457	0.1011199	0.00185491
13.5	2.102223	0.0021202	0.09987548	0.001717847
14.5	2.086002	0.002087912	0.09992974	0.00153245
15.5	2.066993	0.002120951	0.1017639	0.001710033
16.5	2.049921	0.002142036	0.1031925	0.001584041
17.5	2.035949	0.002161055	0.1006219	0.00161099
18.5	2.02164		0.002185596	0.1039458	0.001690167
19.5	2.01386		0.002236298	0.1009529	0.001800607
20.5	1.99899		0.002184117	0.09859804	0.001599608
21.5	1.989336	0.002277522	0.09923587	0.001540375
22.5	1.977123	0.002228163	0.09997378	0.001712497
23.5	1.967872	0.002333681	0.1007512	0.001662216
24.5	1.96069		0.002323369	0.1027306	0.001811626
25.5	1.949408	0.002225756	0.09893922	0.001650755
26.5	1.939453	0.002365237	0.1015956	0.001822537
27.5	1.938301	0.002305104	0.1008521	0.001633122
28.5	1.927792	0.002275393	0.0974913	0.001908392
29.5	1.923064	0.00233661	0.1011761	0.001834988
30.5	1.920017	0.002372095	0.1009574	0.00188904
31.5	1.907489	0.002361759	0.09799788	0.00189394
32.5	1.905293	0.002406451	0.099919	0.001776708
33.5	1.896571	0.002336984	0.09575442	0.001861538
34.5	1.889727	0.002428122	0.09779336	0.001823559
35.5	1.887893	0.002399479	0.09387839	0.001958196
36.5	1.883104	0.002458711	0.0979204	0.001864416
37.5	1.869018	0.002440173	0.09714243	0.001954616
38.5	1.865893	0.002515645	0.09855276	0.002031835
39.5	1.863929	0.002447889	0.0968831	0.001939037
40.5	1.859099	0.00253127	0.09682547	0.001979051
41.5	1.859326	0.002632624	0.09981449	0.001956786
42.5	1.849592	0.002615305	0.09657116	0.002091944
43.5	1.850443	0.002663303	0.09627946	0.002351074
44.5	1.837422	0.002606379	0.09366118	0.002074627
45.5	1.834871	0.002568789	0.09266902	0.002169562
46.5	1.834145	0.002790203	0.09786503	0.002230596
47.5	1.832185	0.002750343	0.09201677	0.002278564
48.5	1.827058	0.002787113	0.09200031	0.002301347
49.5	1.825157	0.002933131	0.09652445	0.002480785
50.5	1.818827	0.002765393	0.08931238	0.00211216
51.5	1.815107	0.002851499	0.08875875	0.002034117
52.5	1.809966	0.002787054	0.08952272	0.002304776
53.5	1.805762	0.003078839	0.09417685	0.002641803
54.5	1.801382	0.003109684	0.09262269	0.002252901
55.5	1.802578	0.003095017	0.09100193	0.00233553
56.5	1.805256	0.003258205	0.08920435	0.00227551
57.5	1.792619	0.003229622	0.09402432	0.002687748
58.5	1.79324		0.003556207	0.09853824	0.003201282
59.5	1.790149	0.003160967	0.08808412	0.002409625
60.5	1.787398	0.003289848	0.08965124	0.002666282
61.5	1.780203	0.003648221	0.09286282	0.003162253
62.5	1.776656	0.003591859	0.08965329	0.002941649
63.5	1.772752	0.003725868	0.09293286	0.003221896
64.5	1.76771		0.003865969	0.09062677	0.002917327
65.5	1.765457	0.003663071	0.08700068	0.0033088
66.5	1.762419	0.003606026	0.0845277	0.002775532
67.5	1.755799	0.003816282	0.08509425	0.002933765
68.5	1.763278	0.003890663	0.08561218	0.003005029
69.5	1.751383	0.004069712	0.08878378	0.003477188
70.5	1.744578	0.00382594	0.08112104	0.003574742
71.5	1.750672	0.004328484	0.08443107	0.004533607
72.5	1.744127	0.004529906	0.08779583	0.003762745
73.5	1.745969	0.004813966	0.08551236	0.003973706
74.5	1.735898	0.005002294	0.09025259	0.003987612
75.5	1.734343	0.005779182	0.09845414	0.005412452
76.5	1.724506	0.005135287	0.0865489	0.004408353
77.5	1.730453	0.005731528	0.09134484	0.004634618
78.5	1.723705	0.006098709	0.09064619	0.005934965
79.5	1.721055	0.005472491	0.08168964	0.004230693
80.5	1.72116		0.005493611	0.07910649	0.004993967
81.5	1.708817	0.00535993	0.07596609	0.004282012
82.5	1.719774	0.006244457	0.08146327	0.00474816
83.5	1.70907		0.006006045	0.07474946	0.005428149
84.5	1.688371	0.008641221	0.09454318	0.008743437
85.5	1.706256	0.007164487	0.08232968	0.007732186
86.5	1.694702	0.007675994	0.08436919	0.006767418
87.5	1.687949	0.008539292	0.08581635	0.00740845
88.5	1.695641	0.009627752	0.08580643	0.01064364
89.5	1.67913		0.009069234	0.07299601	0.007952926
90.5	1.688214	0.009617827	0.07857399	0.01130125
91.5	1.705758	0.0114806	0.08201327	0.01359345
92.5	1.67596		0.0100641	0.07257853	0.01341458
93.5	1.655477	0.0143034	0.07739991	0.02283286
94.5	1.667372	0.01499421	0.1039113	0.01755202
95.5	1.677188	0.01271012	0.08197612	0.0129481
96.5	1.702968	0.0450925	0.1288158	0.04624974
97.5	1.678592	0.01337767	0.07771143	0.0130864
98.5	1.634247	0.01525877	0.07707876	0.01853987
99.5	1.68894		0.0382504	0.1103136	0.03844378
