0.5	-44.5	0.00774083	2000
0.5	-43.5	0.00535904	2000
0.5	-42.5	0.00476359	2000
0.5	-41.5	0.00833628	2000
0.5	-40.5	0.00833628	2000
0.5	-39.5	0.0142908	2000
0.5	-38.5	0.00833628	2000
0.5	-37.5	0.017268	2000
0.5	-36.5	0.0160771	2000
0.5	-35.5	0.0130999	2000
0.5	-34.5	0.0113135	2000
0.5	-33.5	0.0107181	2000
0.5	-32.5	0.011909	2000
0.5	-31.5	0.00178635	2000
0.5	-30.5	0.00229248	2000
0.5	-29.5	0.00276884	2000
0.5	-28.5	0.00282094	2000
0.5	-27.5	0.00272418	2000
0.5	-26.5	0.00315029	2000
0.5	-25.5	0.00318379	2000
0.5	-24.5   0.00302143	2000
0.5	-23.5	0.00288048	2000
0.5	-22.5	0.00289920	2000
0.5	-21.5	0.00283408	2000
0.5	-20.5	0.00252609	2000
0.5	-19.5	0.00219611	2000
0.5	-18.5	0.00183892	2000
1.5	-44.5	0.005756	2000
1.5	-43.5	0.00595449	2000
1.5	-42.5	0.00833628	2000
1.5	-41.5	0.0123059	2000
1.5	-40.5	0.0127029	2000
1.5	-39.5	0.011115	2000
1.5	-38.5	0.011115	2000
1.5	-37.5	0.0140923	2000
1.5	-36.5	0.0130999	2000
1.5	-35.5	0.0129014	2000
1.5	-34.5	0.0146877	2000
1.5	-33.5	0.0130999	2000
1.5	-32.5	0.00913021	2000
1.5	-31.5	0.00317573	2000
1.5	-30.5	0.00279861	2000
1.5	-29.5	0.00324520	2000
1.5	-28.5	0.00287304	2000
1.5	-27.5	0.00262741	2000
1.5	-26.5	0.00357641	2000
1.5	-25.5	0.00321728	2000
1.5	-24.5   0.00285908	2000
1.5	-23.5	0.00273953	2000
1.5	-22.5	0.00291793	2000
1.5	-21.5	0.00276895	2000
1.5	-20.5	0.00221810	2000
1.5	-19.5	0.00186612	2000
1.5	-18.5	0.00148173	2000
2.5	-44.5	0.00452541	2000
2.5	-43.5	0.00476359	2000
2.5	-42.5	0.00988445	2000
2.5	-41.5	0.0101226	2000
2.5	-40.5	0.0122662	2000
2.5	-39.5	0.0126235	2000
2.5	-38.5	0.0127426	2000
2.5	-37.5	0.0156008	2000
2.5	-36.5	0.0113135	2000
2.5	-35.5	0.0165535	2000
2.5	-34.5	0.0128617	2000
2.5	-33.5	0.0136953	2000
2.5	-32.5	0.0126235	2000
2.5	-31.5	0.00440632	2000
2.5	-30.5	0.00381087	2000
2.5	-29.5	0.00369178	2000
2.5	-28.5	0.00250088	2000
2.5	-27.5	0.00238179	2000
2.5	-26.5	0.00452541	2000
2.5	-25.5	0.00285815	2000
2.5	-24.5	0.00250088	2000
2.5	-23.5	0.00261997	2000
2.5	-22.5	0.00309633	2000
2.5	-21.5	0.00261997	2000
2.5	-20.5	0.00166726	2000
2.5	-19.5	0.00151415	2000
2.5	-18.5	0.00109733	2000
3.5	-44.5	0.0042532	2000
3.5	-43.5	0.00535904	2000
3.5	-42.5	0.0101226	2000
3.5	-41.5	0.0116538	2000
3.5	-40.5	0.0108031	2000
3.5	-39.5	0.0104629	2000
3.5	-38.5	0.0109733	2000
3.5	-37.5	0.0136103	2000
3.5	-36.5	0.0127596	2000
3.5	-35.5	0.0113135	2000
3.5	-34.5	0.0128447	2000
3.5	-33.5	0.0126746	2000
3.5	-32.5	0.0110583	2000
3.5	-31.5	0.0127596	2000
3.5	-30.5	0.0111434	2000
3.5	-29.5	0.0099525	2000
3.5	-28.5	0.00884667	2000
3.5	-27.5	0.00901679	2000
3.5	-26.5	0.00799603	2000
3.5	-25.5	0.00910186	2000
3.5	-24.5	0.00816615	2000
3.5	-23.5	0.0075707	2000
3.5	-22.5	0.00825122	2000
3.5	-21.5	0.00765577	2000
3.5	-20.5	0.00484865	2000
3.5	-19.5	0.00136103	2000
3.5	-18.5	0.000680513	2000
4.5	-44.5	0.00377117	2000
4.5	-43.5	0.00668226	2000
4.5	-42.5	0.0113135	2000
4.5	-41.5	0.011909	2000
4.5	-40.5	0.011115	2000
4.5	-39.5	0.00972566	2000
4.5	-38.5	0.0105858	2000
4.5	-37.5	0.011512	2000
4.5	-36.5	0.0127691	2000
4.5	-35.5	0.0117105	2000
4.5	-34.5	0.0112474	2000
4.5	-33.5	0.0114458	2000
4.5	-32.5	0.0129014	2000
4.5	-31.5	0.0120413	2000
4.5	-30.5	0.0104534	2000
4.5	-29.5	0.00985798	2000
4.5	-28.5	0.0101226	2000
4.5	-27.5	0.00939486	2000
4.5	-26.5	0.00972566	2000
4.5	-25.5	0.00840244	2000
4.5	-24.5	0.0084686	2000
4.5	-23.5	0.00701306	2000
4.5	-22.5	0.00800548	2000
4.5	-21.5	0.00754235	2000
4.5	-20.5	0.00509439	2000
4.5	-19.5	0.00284492	2000
4.5	-18.5	0.00205099	2000
5.5	-44.5	0.00368096	2000
5.5	-43.5	0.00460119	2000
5.5	-42.5	0.0105015	2000
5.5	-41.5	0.0112053	2000
5.5	-40.5	0.0112053	2000
5.5	-39.5	0.0130457	2000
5.5	-38.5	0.0101226	2000
5.5	-37.5	0.0121255	2000
5.5	-36.5	0.0122338	2000
5.5	-35.5	0.0123962	2000
5.5	-34.5	0.0133164	2000
5.5	-33.5	0.0138577	2000
5.5	-32.5	0.0138577	2000
5.5	-31.5	0.00968957	2000
5.5	-30.5	0.0087152	2000
5.5	-29.5	0.00828215	2000
5.5	-28.5	0.0076867	2000
5.5	-27.5	0.00839041	2000
5.5	-26.5	0.00828215	2000
5.5	-25.5	0.00719952	2000
5.5	-24.5	0.00638754	2000
5.5	-23.5	0.00654994	2000
5.5	-22.5	0.00600862	2000
5.5	-21.5	0.0064958	2000
5.5	-20.5	0.0034103	2000
5.5	-19.5	0.00135329	2000
5.5	-18.5	0.000866107	2000
6.5	-44.5	0.0036185	2000
6.5	-43.5	0.00654994	2000
6.5	-42.5	0.0102142	2000
6.5	-41.5	0.0107639	2000
6.5	-40.5	0.010031	2000
6.5	-39.5	0.0106265	2000
6.5	-38.5	0.0107639	2000
6.5	-37.5	0.0127792	2000
6.5	-36.5	0.01168	2000
6.5	-35.5	0.0122754	2000
6.5	-34.5	0.0135579	2000
6.5	-33.5	0.0113593	2000
6.5	-32.5	0.011909	2000
6.5	-31.5	0.00632092	2000
6.5	-30.5	0.00435136	2000
6.5	-29.5	0.00462618	2000
6.5	-28.5	0.0049468	2000
6.5	-27.5	0.00462618	2000
6.5	-26.5	0.00462618	2000
6.5	-25.5	0.0037101	2000
6.5	-24.5	0.0049468	2000
6.5	-23.5	0.00421394	2000
6.5	-22.5	0.0036643	2000
6.5	-21.5	0.0037101	2000
6.5	-20.5	0.00233599	2000
6.5	-19.5	0.000687056	2000
6.5	-18.5	0.000229019	2000
7.5	-44.5	0.0034536	2000
7.5	-43.5	0.00567661	2000
7.5	-42.5	0.0101623	2000
7.5	-41.5	0.0106784	2000
7.5	-40.5	0.0104799	2000
7.5	-39.5	0.0109563	2000
7.5	-38.5	0.0105593	2000
7.5	-37.5	0.0114326	2000
7.5	-36.5	0.0133381	2000
7.5	-35.5	0.0125838	2000
7.5	-34.5	0.0126235	2000
7.5	-33.5	0.0134968	2000
7.5	-32.5	0.0130602	2000
7.5	-31.5	0.00571631	2000
7.5	-30.5	0.00341391	2000
7.5	-29.5	0.0034933	2000
7.5	-28.5	0.00440632	2000
7.5	-27.5	0.00305664	2000
7.5	-26.5	0.00329482	2000
7.5	-25.5	0.00412844	2000
7.5	-24.5	0.00341391	2000
7.5	-23.5	0.003533	2000
7.5	-22.5	0.00301694	2000
7.5	-21.5	0.00309633	2000
7.5	-20.5	0.00182604	2000
7.5	-19.5	0.000476359	2000
7.5	-18.5	0.000198483	2000
8.5	-44.5	0.00392296	2000
8.5	-43.5	0.00595449	2000
8.5	-42.5	0.00973734	2000
8.5	-41.5	0.0108932	2000
8.5	-40.5	0.00900178	2000
8.5	-39.5	0.010683	2000
8.5	-38.5	0.0118739	2000
8.5	-37.5	0.0123293	2000
8.5	-36.5	0.0130999	2000
8.5	-35.5	0.0130298	2000
8.5	-34.5	0.0121892	2000
8.5	-33.5	0.0126796	2000
8.5	-32.5	0.0133801	2000
8.5	-31.5	0.00588443	2000
8.5	-30.5	0.00395798	2000
8.5	-29.5	0.00399301	2000
8.5	-28.5	0.00388793	2000
8.5	-27.5	0.00399301	2000
8.5	-26.5	0.00378285	2000
8.5	-25.5	0.00343259	2000
8.5	-24.5	0.00294222	2000
8.5	-23.5	0.00280211	2000
8.5	-22.5	0.00262698	2000
8.5	-21.5	0.00283714	2000
8.5	-20.5	0.00161121	2000
8.5	-19.5	0.000420317	2000
8.5	-18.5	0.000315238	2000
9.5	-44.5	0.00347867	2000
9.5	-43.5	0.00695735	2000
9.5	-42.5	0.0110001	2000
9.5	-41.5	0.0114702	2000
9.5	-40.5	0.0108748	2000
9.5	-39.5	0.00952718	2000
9.5	-38.5	0.00990325	2000
9.5	-37.5	0.0112508	2000
9.5	-36.5	0.0120343	2000
9.5	-35.5	0.0135386	2000
9.5	-34.5	0.0127865	2000
9.5	-33.5	0.0139147	2000
9.5	-32.5	0.0139774	2000
9.5	-31.5	0.00720806	2000
9.5	-30.5	0.00545306	2000
9.5	-29.5	0.00523368	2000
9.5	-28.5	0.00492029	2000
9.5	-27.5	0.00426216	2000
9.5	-26.5	0.00426216	2000
9.5	-25.5	0.00476359	2000
9.5	-24.5	0.005171	2000
9.5	-23.5	0.00419948	2000
9.5	-22.5	0.00401144	2000
9.5	-21.5	0.00382341	2000
9.5	-20.5	0.00231912	2000
9.5	-19.5	0.00147295	2000
9.5	-18.5	0.000658127	2000
10.5	-44.5	0.0033175	2000
10.5	-43.5	0.00572765	2000
10.5	-42.5	0.0119657	2000
10.5	-41.5	0.011909	2000
10.5	-40.5	0.0106897	2000
10.5	-39.5	0.00915857	2000
10.5	-38.5	0.00961224	2000
10.5	-37.5	0.0101793	2000
10.5	-36.5	0.0114837	2000
10.5	-35.5	0.012873	2000
10.5	-34.5	0.0134685	2000
10.5	-33.5	0.0129581	2000
10.5	-32.5	0.0131566	2000
10.5	-31.5	0.010236	2000
10.5	-30.5	0.00774083	2000
10.5	-29.5	0.00742893	2000
10.5	-28.5	0.00745729	2000
10.5	-27.5	0.00734387	2000
10.5	-26.5	0.00674842	2000
10.5	-25.5	0.00691855	2000
10.5	-24.5	0.00700361	2000
10.5	-23.5	0.00666335	2000
10.5	-22.5	0.00646487	2000
10.5	-21.5	0.00657829	2000
10.5	-20.5	0.00399801	2000
10.5	-19.5	0.00127596	2000
10.5	-18.5	0.000793932	2000
11.5	-44.5	0.00289958	2000
11.5	-43.5	0.00603215	2000
11.5	-42.5	0.0107957	2000
11.5	-41.5	0.0121679	2000
11.5	-40.5	0.0106663	2000
11.5	-39.5	0.00750783	2000
11.5	-38.5	0.00750783	2000
11.5	-37.5	0.0104074	2000
11.5	-36.5	0.0118313	2000
11.5	-35.5	0.0140578	2000
11.5	-34.5	0.0136435	2000
11.5	-33.5	0.0139024	2000
11.5	-32.5	0.0139542	2000
11.5	-31.5	0.0125562	2000
11.5	-30.5	0.01121	2000
11.5	-29.5	0.0111841	2000
11.5	-28.5	0.0107957	2000
11.5	-27.5	0.010278	2000
11.5	-26.5	0.00978607	2000
11.5	-25.5	0.00810328	2000
11.5	-24.5	0.00825861	2000
11.5	-23.5	0.00794795	2000
11.5	-22.5	0.0078185	2000
11.5	-21.5	0.00825861	2000
11.5	-20.5	0.00463414	2000
11.5	-19.5	0.00150157	2000
11.5	-18.5	0.00100967	2000
12.5	-44.5	0.00264379	2000
12.5	-43.5	0.00576394	2000
12.5	-42.5	0.0107419	2000
12.5	-41.5	0.0121948	2000
12.5	-40.5	0.00990827	2000
12.5	-39.5	0.0021198	2000
12.5	-38.5	0.00207216	2000
12.5	-37.5	0.00795519	2000
12.5	-36.5	0.0122186	2000
12.5	-35.5	0.0129808	2000
12.5	-34.5	0.0143622	2000
12.5	-33.5	0.0137668	2000
12.5	-32.5	0.0135048	2000
12.5	-31.5	0.00993208	2000
12.5	-30.5	0.00838392	2000
12.5	-29.5	0.00793138	2000
12.5	-28.5	0.00759793	2000
12.5	-27.5	0.00681193	2000
12.5	-26.5	0.00705011	2000
12.5	-25.5	0.00695484	2000
12.5	-24.5	0.00659757	2000
12.5	-23.5	0.00740738	2000
12.5	-22.5	0.00588303	2000
12.5	-21.5	0.0065023	2000
12.5	-20.5	0.00373942	2000
12.5	-19.5	0.00240561	2000
12.5	-18.5	0.00109563	2000
13.5	-44.5	0.00280081	2000
13.5	-43.5	0.00621913	2000
13.5	-42.5	0.0105637	2000
13.5	-41.5	0.0128352	2000
13.5	-40.5	0.0103432	2000
13.5	-39.5	0.00827012	2000
13.5	-38.5	0.0075644	2000
13.5	-37.5	0.0102549	2000
13.5	-36.5	0.0117987	2000
13.5	-35.5	0.0130999	2000
13.5	-34.5	0.0138056	2000
13.5	-33.5	0.0135851	2000
13.5	-32.5	0.0143349	2000
13.5	-31.5	0.0103873	2000
13.5	-30.5	0.00692485	2000
13.5	-29.5	0.00743208	2000
13.5	-28.5	0.00703512	2000
13.5	-27.5	0.00613092	2000
13.5	-26.5	0.00648377	2000
13.5	-25.5	0.00639556	2000
13.5	-24.5	0.00599859	2000
13.5	-23.5	0.00582216	2000
13.5	-22.5	0.00524877	2000
13.5	-21.5	0.00608681	2000
13.5	-20.5	0.00280081	2000
13.5	-19.5	0.00125706	2000
13.5	-18.5	0.000617502	2000
14.5	-44.5	0.00291565	2000
14.5	-43.5	0.00587236	2000
14.5	-42.5	0.00969144	2000
14.5	-41.5	0.0132436	2000
14.5	-40.5	0.0113957	2000
14.5	-39.5	0.00926025	2000
14.5	-38.5	0.00882907	2000
14.5	-37.5	0.00960931	2000
14.5	-36.5	0.0117858	2000
14.5	-35.5	0.0134284	2000
14.5	-34.5	0.0136132	2000
14.5	-33.5	0.0142702	2000
14.5	-32.5	0.0154817	2000
14.5	-31.5	0.00747391	2000
14.5	-30.5	0.00431187	2000
14.5	-29.5	0.00464039	2000
14.5	-28.5	0.00492785	2000
14.5	-27.5	0.0045788	2000
14.5	-26.5	0.00496892	2000
14.5	-25.5	0.00425027	2000
14.5	-24.5	0.0042708	2000
14.5	-23.5	0.00443507	2000
14.5	-22.5	0.00381908	2000
14.5	-21.5	0.00363429	2000
14.5	-20.5	0.00217647	2000
14.5	-19.5	0.000554383	2000
14.5	-18.5	0.000390122	2000
15.5	-44.5	0.00182476	2000
15.5	-43.5	0.00660756	2000
15.5	-42.5	0.00968084	2000
15.5	-41.5	0.0142716	2000
15.5	-40.5	0.0126581	2000
15.5	-39.5	0.0105644	2000
15.5	-38.5	0.00964243	2000
15.5	-37.5	0.0105068	2000
15.5	-36.5	0.0118898	2000
15.5	-35.5	0.013292	2000
15.5	-34.5	0.0142716	2000
15.5	-33.5	0.0155201	2000
15.5	-32.5	0.0139066	2000
15.5	-31.5	0.00616578	2000
15.5	-30.5	0.00466755	2000
15.5	-29.5	0.00499409	2000
15.5	-28.5	0.00472517	2000
15.5	-27.5	0.00409131	2000
15.5	-26.5	0.00380319	2000
15.5	-25.5	0.00420656	2000
15.5	-24.5	0.00364952	2000
15.5	-23.5	0.00397606	2000
15.5	-22.5	0.00341903	2000
15.5	-21.5	0.00411052	2000
15.5	-20.5	0.00203605	2000
15.5	-19.5	0.000614657	2000
15.5	-18.5	0.000403368	2000
16.5	-44.5	0.00158786	2000
16.5	-43.5	0.00667624	2000
16.5	-42.5	0.00958131	2000
16.5	-41.5	0.0140923	2000
16.5	-40.5	0.0138036	2000
16.5	-39.5	0.0128833	2000
16.5	-38.5	0.0108985	2000
16.5	-37.5	0.0110068	2000
16.5	-36.5	0.0124864	2000
16.5	-35.5	0.0133705	2000
16.5	-34.5	0.0147058	2000
16.5	-33.5	0.0150667	2000
16.5	-32.5	0.0147419	2000
16.5	-31.5	0.00922043	2000
16.5	-30.5	0.00682059	2000
16.5	-29.5	0.00662211	2000
16.5	-28.5	0.00647776	2000
16.5	-27.5	0.00579209	2000
16.5	-26.5	0.00535904	2000
16.5	-25.5	0.00626123	2000
16.5	-24.5	0.00539513	2000
16.5	-23.5	0.00532295	2000
16.5	-22.5	0.00552143	2000
16.5	-21.5	0.0048899	2000
16.5	-20.5	0.00268854	2000
16.5	-19.5	0.00104655	2000
16.5	-18.5	0.000541317	2000
17.5	-44.5	0.00134401	2000
17.5	-43.5	0.00709435	2000
17.5	-42.5	0.0102928	2000
17.5	-41.5	0.0151244	2000
17.5	-40.5	0.0144609	2000
17.5	-39.5	0.0129638	2000
17.5	-38.5	0.0110924	2000
17.5	-37.5	0.011909	2000
17.5	-36.5	0.0118069	2000
17.5	-35.5	0.0130829	2000
17.5	-34.5	0.0145289	2000
17.5	-33.5	0.0150734	2000
17.5	-32.5	0.0151584	2000
17.5	-31.5	0.011977	2000
17.5	-30.5	0.00993549	2000
17.5	-29.5	0.00952718	2000
17.5	-28.5	0.0086255	2000
17.5	-27.5	0.00835329	2000
17.5	-26.5	0.00780888	2000
17.5	-25.5	0.00746863	2000
17.5	-24.5	0.00685617	2000
17.5	-23.5	0.00753668	2000
17.5	-22.5	0.00746863	2000
17.5	-21.5	0.00670305	2000
17.5	-20.5	0.00375983	2000
17.5	-19.5	0.00156518	2000
17.5	-18.5	0.00110583	2000
18.5	-44.5	0.000724194	2000
18.5	-43.5	0.00796614	2000
18.5	-42.5	0.0105732	2000
18.5	-41.5	0.0159323	2000
18.5	-40.5	0.0155621	2000
18.5	-39.5	0.0145804	2000
18.5	-38.5	0.0128102	2000
18.5	-37.5	0.0115066	2000
18.5	-36.5	0.0128585	2000
18.5	-35.5	0.0140011	2000
18.5	-34.5	0.0148862	2000
18.5	-33.5	0.0163829	2000
18.5	-32.5	0.0152885	2000
18.5	-31.5	0.0121343	2000
18.5	-30.5	0.0109434	2000
18.5	-29.5	0.0104123	2000
18.5	-28.5	0.00943062	2000
18.5	-27.5	0.00943062	2000
18.5	-26.5	0.00854549	2000
18.5	-25.5	0.00891564	2000
18.5	-24.5	0.00848112	2000
18.5	-23.5	0.00761209	2000
18.5	-22.5	0.00815926	2000
18.5	-21.5	0.00714538	2000
18.5	-20.5	0.00458656	2000
18.5	-19.5	0.00201165	2000
18.5	-18.5	0.00136792	2000
19.5	-44.5	0.000229019	2000
19.5	-43.5	0.00755762	2000
19.5	-42.5	0.0100768	2000
19.5	-41.5	0.0167031	2000
19.5	-40.5	0.0163977	2000
19.5	-39.5	0.015955	2000
19.5	-38.5	0.0139549	2000
19.5	-37.5	0.0123059	2000
19.5	-36.5	0.0123365	2000
19.5	-35.5	0.014077	2000
19.5	-34.5	0.0152679	2000
19.5	-33.5	0.0158481	2000
19.5	-32.5	0.0158176	2000
19.5	-31.5	0.0116189	2000
19.5	-30.5	0.0105196	2000
19.5	-29.5	0.00983254	2000
19.5	-28.5	0.00926762	2000
19.5	-27.5	0.0093287	2000
19.5	-26.5	0.00867218	2000
19.5	-25.5	0.00884012	2000
19.5	-24.5	0.00822941	2000
19.5	-23.5	0.00793932	2000
19.5	-22.5	0.00815307	2000
19.5	-21.5	0.00810726	2000
19.5	-20.5	0.00444296	2000
19.5	-19.5	0.00120617	2000
19.5	-18.5	0.000824467	2000
20.5	-43.5	0.00768274	2000
20.5	-42.5	0.0102388	2000
20.5	-41.5	0.0160916	2000
20.5	-40.5	0.0171373	2000
20.5	-39.5	0.016658	2000
20.5	-38.5	0.0143343	2000
20.5	-37.5	0.0142327	2000
20.5	-36.5	0.0136808	2000
20.5	-35.5	0.0156269	2000
20.5	-34.5	0.016629	2000
20.5	-33.5	0.0162369	2000
20.5	-32.5	0.0165564	2000
20.5	-31.5	0.00980312	2000
20.5	-30.5	0.00782797	2000
20.5	-29.5	0.00813296	2000
20.5	-28.5	0.00726157	2000
20.5	-27.5	0.0068404	2000
20.5	-26.5	0.0066516	2000
20.5	-25.5	0.00647732	2000
20.5	-24.5	0.00599806	2000
20.5	-23.5	0.00582378	2000
20.5	-22.5	0.0060271	2000
20.5	-21.5	0.00572212	2000
20.5	-20.5	0.00360174	2000
20.5	-19.5	0.00193158	2000
20.5	-18.5	0.00106019	2000
21.5	-43.5	0.00688228	2000
21.5	-42.5	0.0101365	2000
21.5	-41.5	0.0164648	2000
21.5	-40.5	0.0177527	2000
21.5	-39.5	0.0174757	2000
21.5	-38.5	0.0169495	2000
21.5	-37.5	0.0147339	2000
21.5	-36.5	0.0140138	2000
21.5	-35.5	0.0144569	2000
21.5	-34.5	0.0155786	2000
21.5	-33.5	0.0166864	2000
21.5	-32.5	0.0170464	2000
21.5	-31.5	0.00911175	2000
21.5	-30.5	0.00727001	2000
21.5	-29.5	0.00767159	2000
21.5	-28.5	0.0070623	2000
21.5	-27.5	0.00627298	2000
21.5	-26.5	0.00631453	2000
21.5	-25.5	0.00612066	2000
21.5	-24.5	0.00552521	2000
21.5	-23.5	0.00549751	2000
21.5	-22.5	0.00504054	2000
21.5	-21.5	0.00516517	2000
21.5	-20.5	0.00318496	2000
21.5	-19.5	0.00109396	2000
21.5	-18.5	0.000664687	2000
22.5	-43.5	0.00651024	2000
22.5	-42.5	0.00976536	2000
22.5	-41.5	0.0188956	2000
22.5	-40.5	0.0191867	2000
22.5	-39.5	0.0179164	2000
22.5	-38.5	0.0175459	2000
22.5	-37.5	0.0154684	2000
22.5	-36.5	0.0146083	2000
22.5	-35.5	0.0149656	2000
22.5	-34.5	0.0159977	2000
22.5	-33.5	0.017268	2000
22.5	-32.5	0.0174003	2000
22.5	-31.5	0.00931546	2000
22.5	-30.5	0.00660286	2000
22.5	-29.5	0.00640438	2000
22.5	-28.5	0.00598095	2000
22.5	-27.5	0.0054252	2000
22.5	-26.5	0.00513409	2000
22.5	-25.5	0.00513409	2000
22.5	-24.5	0.00481652	2000
22.5	-23.5	0.00500177	2000
22.5	-22.5	0.00457834	2000
22.5	-21.5	0.00422107	2000
22.5	-20.5	0.00250088	2000
22.5	-19.5	0.000621913	2000
22.5	-18.5	0.000516056	2000
23.5	-43.5	0.00595449	2000
23.5	-42.5	0.00900774	2000
23.5	-41.5	0.0191937	2000
23.5	-40.5	0.0189657	2000
23.5	-39.5	0.0190544	2000
23.5	-38.5	0.0190544	2000
23.5	-37.5	0.0178635	2000
23.5	-36.5	0.0168879	2000
23.5	-35.5	0.0159124	2000
23.5	-34.5	0.0175847	2000
23.5	-33.5	0.017268	2000
23.5	-32.5	0.0176988	2000
23.5	-31.5	0.00962853	2000
23.5	-30.5	0.0079182	2000
23.5	-29.5	0.00657527	2000
23.5	-28.5	0.00611919	2000
23.5	-27.5	0.00629655	2000
23.5	-26.5	0.00472558	2000
23.5	-25.5	0.00505498	2000
23.5	-24.5	0.00495363	2000
23.5	-23.5	0.00464957	2000
23.5	-22.5	0.00457355	2000
23.5	-21.5	0.00468757	2000
23.5	-20.5	0.0027492	2000
23.5	-19.5	0.000785485	2000
23.5	-18.5	0.000494096	2000
24.5	-43.5	0.0057479	2000
24.5	-42.5	0.00831198	2000
24.5	-41.5	0.0199293	2000
24.5	-40.5	0.019103	2000
24.5	-39.5	0.0203789	2000
24.5	-38.5	0.0194068	2000
24.5	-37.5	0.0194068	2000
24.5	-36.5	0.0173166	2000
24.5	-35.5	0.0173409	2000
24.5	-34.5	0.0178392	2000
24.5	-33.5	0.0189693	2000
24.5	-32.5	0.0174017	2000
24.5	-31.5	0.0144001	2000
24.5	-30.5	0.0117145	2000
24.5	-29.5	0.0101955	2000
24.5	-28.5	0.00977022	2000
24.5	-27.5	0.00893173	2000
24.5	-26.5	0.00809324	2000
24.5	-25.5	0.00760716	2000
24.5	-24.5	0.00727906	2000
24.5	-23.5	0.00743703	2000
24.5	-22.5	0.00672006	2000
24.5	-21.5	0.00703602	2000
24.5	-20.5	0.00363345	2000
24.5	-19.5	0.00127596	2000
24.5	-18.5	0.000765577	2000
25.5	-43.5	0.00469354	2000
25.5	-42.5	0.00964393	2000
25.5	-41.5	0.0194163	2000
25.5	-40.5	0.021728	2000
25.5	-39.5	0.0210042	2000
25.5	-38.5	0.0207239	2000
25.5	-37.5	0.0206422	2000
25.5	-36.5	0.0189026	2000
25.5	-35.5	0.0175832	2000
25.5	-34.5	0.0188792	2000
25.5	-33.5	0.0198133	2000
25.5	-32.5	0.0180503	2000
25.5	-31.5	0.0152131	2000
25.5	-30.5	0.0128664	2000
25.5	-29.5	0.0118272	2000
25.5	-28.5	0.0111267	2000
25.5	-27.5	0.0100175	2000
25.5	-26.5	0.00930535	2000
25.5	-25.5	0.00834796	2000
25.5	-24.5	0.00844136	2000
25.5	-23.5	0.00776418	2000
25.5	-22.5	0.00790429	2000
25.5	-21.5	0.00743727	2000
25.5	-20.5	0.00481029	2000
25.5	-19.5	0.00238179	2000
25.5	-18.5	0.00145943	2000
26.5	-43.5	0.00352775	2000
26.5	-42.5	0.0094373	2000
26.5	-41.5	0.0194363	2000
26.5	-40.5	0.0217732	2000
26.5	-39.5	0.0225821	2000
26.5	-38.5	0.022481	2000
26.5	-37.5	0.0214024	2000
26.5	-36.5	0.0203351	2000
26.5	-35.5	0.0205261	2000
26.5	-34.5	0.0201329	2000
26.5	-33.5	0.0197285	2000
26.5	-32.5	0.0198183	2000
26.5	-31.5	0.0145941	2000
26.5	-30.5	0.011336	2000
26.5	-29.5	0.0100552	2000
26.5	-28.5	0.00945977	2000
26.5	-27.5	0.00887556	2000
26.5	-26.5	0.00810035	2000
26.5	-25.5	0.00784195	2000
26.5	-24.5	0.00717909	2000
26.5	-23.5	0.00730267	2000
26.5	-22.5	0.00639265	2000
26.5	-21.5	0.00635894	2000
26.5	-20.5	0.00380862	2000
26.5	-19.5	0.00146053	2000
26.5	-18.5	0.000808911	2000
27.5	-43.5	0.00243593	2000
27.5	-42.5	0.00971123	2000
27.5	-41.5	0.0185672	2000
27.5	-40.5	0.0223239	2000
27.5	-39.5	0.0221723	2000
27.5	-38.5	0.0240886	2000
27.5	-37.5	0.0240128	2000
27.5	-36.5	0.0236989	2000
27.5	-35.5	0.0222373	2000
27.5	-34.5	0.0208624	2000
27.5	-33.5	0.0212521	2000
27.5	-32.5	0.0210139	2000
27.5	-31.5	0.0119198	2000
27.5	-30.5	0.00901834	2000
27.5	-29.5	0.00870438	2000
27.5	-28.5	0.00761092	2000
27.5	-27.5	0.00700464	2000
27.5	-26.5	0.0064525	2000
27.5	-25.5	0.00594366	2000
27.5	-24.5	0.00585705	2000
27.5	-23.5	0.00506673	2000
27.5	-22.5	0.00528325	2000
27.5	-21.5	0.00544565	2000
27.5	-20.5	0.00257667	2000
27.5	-19.5	0.000703712	2000
27.5	-18.5	0.000411401	2000
28.5	-43.5	0.00172367	2000
28.5	-42.5	0.00938093	2000
28.5	-41.5	0.0171531	2000
28.5	-40.5	0.0234837	2000
28.5	-39.5	0.0237762	2000
28.5	-38.5	0.0250297	2000
28.5	-37.5	0.0262311	2000
28.5	-36.5	0.025949	2000
28.5	-35.5	0.0240164	2000
28.5	-34.5	0.0230762	2000
28.5	-33.5	0.023024	2000
28.5	-32.5	0.0231076	2000
28.5	-31.5	0.0101331	2000
28.5	-30.5	0.00749012	2000
28.5	-29.5	0.00616342	2000
28.5	-28.5	0.00539038	2000
28.5	-27.5	0.00488895	2000
28.5	-26.5	0.00521279	2000
28.5	-25.5	0.00416814	2000
28.5	-24.5	0.00420993	2000
28.5	-23.5	0.00456511	2000
28.5	-22.5	0.00403234	2000
28.5	-21.5	0.00372939	2000
28.5	-20.5	0.00254894	2000
28.5	-19.5	0.000929736	2000
28.5	-18.5	0.000490984	2000
29.5	-43.5	0.00034314	2000
29.5	-42.5	0.00964829	2000
29.5	-41.5	0.0170662	2000
29.5	-40.5	0.0223747	2000
29.5	-39.5	0.02404	2000
29.5	-38.5	0.0264521	2000
29.5	-37.5	0.0286825	2000
29.5	-36.5	0.0285714	2000
29.5	-35.5	0.0273705	2000
29.5	-34.5	0.0250896	2000
29.5	-33.5	0.0231216	2000
29.5	-32.5	0.021204	2000
29.5	-31.5	0.00887118	2000
29.5	-30.5	0.00635818	2000
29.5	-29.5	0.00517738	2000
29.5	-28.5	0.00548015	2000
29.5	-27.5	0.0046122	2000
29.5	-26.5	0.00418833	2000
29.5	-25.5	0.00380482	2000
29.5	-24.5	0.00413786	2000
29.5	-23.5	0.00405712	2000
29.5	-22.5	0.00362315	2000
29.5	-21.5	0.00376445	2000
29.5	-20.5	0.00228087	2000
29.5	-19.5	0.000878034	2000
29.5	-18.5	0.000615633	2000
30.5	-42.5	0.00849246	2000
30.5	-41.5	0.0155012	2000
30.5	-40.5	0.0222659	2000
30.5	-39.5	0.0252431	2000
30.5	-38.5	0.029216	2000
30.5	-37.5	0.0313636	2000
30.5	-36.5	0.0338332	2000
30.5	-35.5	0.0324275	2000
30.5	-34.5	0.0290403	2000
30.5	-33.5	0.0233006	2000
30.5	-32.5	0.0194155	2000
30.5	-31.5	0.0086096	2000
30.5	-30.5	0.00546641	2000
30.5	-29.5	0.00472454	2000
30.5	-28.5	0.00437313	2000
30.5	-27.5	0.00401196	2000
30.5	-26.5	0.00421695	2000
30.5	-25.5	0.00412909	2000
30.5	-24.5	0.00383625	2000
30.5	-23.5	0.00368007	2000
30.5	-22.5	0.00360198	2000
30.5	-21.5	0.00335794	2000
30.5	-20.5	0.00183515	2000
30.5	-19.5	0.000497834	2000
30.5	-18.5	0.000409981	2000
31.5	-42.5	0.00625694	2000
31.5	-41.5	0.0124005	2000
31.5	-40.5	0.0194797	2000
31.5	-39.5	0.0236856	2000
31.5	-38.5	0.0303206	2000
31.5	-37.5	0.0373148	2000
31.5	-36.5	0.040793	2000
31.5	-35.5	0.0395926	2000
31.5	-34.5	0.0339406	2000
31.5	-33.5	0.0207556	2000
31.5	-32.5	0.0134779	2000
31.5	-31.5	0.00651213	2000
31.5	-30.5	0.00512275	2000
31.5	-29.5	0.00464072	2000
31.5	-28.5	0.00446114	2000
31.5	-27.5	0.00432882	2000
31.5	-26.5	0.00411143	2000
31.5	-25.5	0.00413033	2000
31.5	-24.5	0.00382788	2000
31.5	-23.5	0.0042532	2000
31.5	-22.5	0.00379008	2000
31.5	-21.5	0.00344037	2000
31.5	-20.5	0.00194702	2000
31.5	-19.5	0.000756125	2000
31.5	-18.5	0.000491481	2000
32.5	-42.5	0.00412234	2000
32.5	-41.5	0.0088676	2000
32.5	-40.5	0.0146938	2000
32.5	-39.5	0.0169932	2000
32.5	-38.5	0.0266303	2000
32.5	-37.5	0.0352506	2000
32.5	-36.5	0.0405913	2000
32.5	-35.5	0.040747	2000
32.5	-34.5	0.0355071	2000
32.5	-33.5	0.0124128	2000
32.5	-32.5	0.00628427	2000
32.5	-31.5	0.0039666	2000
32.5	-30.5	0.00545981	2000
32.5	-29.5	0.00550561	2000
32.5	-28.5	0.00510254	2000
32.5	-27.5	0.00543232	2000
32.5	-26.5	0.00507505	2000
32.5	-25.5	0.00473611	2000
32.5	-24.5	0.00497429	2000
32.5	-23.5	0.00486436	2000
32.5	-22.5	0.00475443	2000
32.5	-21.5	0.00473611	2000
32.5	-20.5	0.00281235	2000
32.5	-19.5	0.000998522	2000
32.5	-18.5	0.000577127	2000
33.5	-42.5	0.00241734	2000
33.5	-41.5	0.00694986	2000
33.5	-40.5	0.0115357	2000
33.5	-39.5	0.00920724	2000
33.5	-38.5	0.00775861	2000
33.5	-37.5	0.00749199	2000
33.5	-36.5	0.00808744	2000
33.5	-35.5	0.00798968	2000
33.5	-34.5	0.00646106	2000
33.5	-33.5	0.00365268	2000
33.5	-32.5	0.00259509	2000
33.5	-31.5	0.00342161	2000
33.5	-30.5	0.00415037	2000
33.5	-29.5	0.004337	2000
33.5	-28.5	0.00477248	2000
33.5	-27.5	0.0048258	2000
33.5	-26.5	0.00476359	2000
33.5	-25.5	0.00435477	2000
33.5	-24.5	0.00478136	2000
33.5	-23.5	0.00439921	2000
33.5	-22.5	0.00435477	2000
33.5	-21.5	0.0041948	2000
33.5	-20.5	0.00238179	2000
33.5	-19.5	0.00123533	2000
33.5	-18.5	0.000773195	2000
34.5	-42.5	0.00175183	2000
34.5	-41.5	0.0056093	2000
34.5	-40.5	0.00992414	2000
34.5	-39.5	0.00783576	2000
34.5	-38.5	0.0058423	2000
34.5	-37.5	0.005756	2000
34.5	-36.5	0.00528137	2000
34.5	-35.5	0.00541945	2000
34.5	-34.5	0.00449607	2000
34.5	-33.5	0.00260617	2000
34.5	-32.5	0.00235591	2000
34.5	-31.5	0.00264069	2000
34.5	-30.5	0.00296861	2000
34.5	-29.5	0.00325339	2000
34.5	-28.5	0.00353817	2000
34.5	-27.5	0.00357269	2000
34.5	-26.5	0.00338284	2000
34.5	-25.5	0.00357269	2000
34.5	-24.5	0.00352954	2000
34.5	-23.5	0.00350365	2000
34.5	-22.5	0.00365036	2000
34.5	-21.5	0.00327928	2000
34.5	-20.5	0.00192442	2000
34.5	-19.5	0.000699005	2000
34.5	-18.5	0.000362447	2000
35.5	-42.5	0.000939299	2000
35.5	-41.5	0.00411782	2000
35.5	-40.5	0.00852079	2000
35.5	-39.5	0.00712861	2000
35.5	-38.5	0.00568612	2000
35.5	-37.5	0.00552677	2000
35.5	-36.5	0.00529195	2000
35.5	-35.5	0.00436942	2000
35.5	-34.5	0.00421846	2000
35.5	-33.5	0.00338819	2000
35.5	-32.5	0.0025663	2000
35.5	-31.5	0.00224761	2000
35.5	-30.5	0.00242373	2000
35.5	-29.5	0.00254114	2000
35.5	-28.5	0.00270049	2000
35.5	-27.5	0.00292692	2000
35.5	-26.5	0.00286822	2000
35.5	-25.5	0.00285983	2000
35.5	-24.5	0.00303595	2000
35.5	-23.5	0.00282628	2000
35.5	-22.5	0.00315336	2000
35.5	-21.5	0.00283467	2000
35.5	-20.5	0.00149282	2000
35.5	-19.5	0.000427717	2000
35.5	-18.5	0.000251598	2000
36.5	-42.5	0.000252862	2000
36.5	-41.5	0.00341771	2000
36.5	-40.5	0.00769189	2000
36.5	-39.5	0.00615025	2000
36.5	-38.5	0.00532641	2000
36.5	-37.5	0.00530194	2000
36.5	-36.5	0.00475543	2000
36.5	-35.5	0.00455967	2000
36.5	-34.5	0.00390712	2000
36.5	-33.5	0.00365426	2000
36.5	-32.5	0.00296093	2000
36.5	-31.5	0.00209631	2000
36.5	-30.5	0.00203921	2000
36.5	-29.5	0.0021534	2000
36.5	-28.5	0.00216972	2000
36.5	-27.5	0.00212078	2000
36.5	-26.5	0.00225944	2000
36.5	-25.5	0.00210446	2000
36.5	-24.5	0.0023247	2000
36.5	-23.5	0.00224313	2000
36.5	-22.5	0.00225944	2000
36.5	-21.5	0.00220234	2000
36.5	-20.5	0.00110933	2000
36.5	-19.5	0.00048941	2000
36.5	-18.5	0.000342587	2000
37.5	-41.5	0.00330276	2000
37.5	-40.5	0.00618473	2000
37.5	-39.5	0.00626412	2000
37.5	-38.5	0.00551782	2000
37.5	-37.5	0.00497001	2000
37.5	-36.5	0.00507322	2000
37.5	-35.5	0.00455717	2000
37.5	-34.5	0.00408081	2000
37.5	-33.5	0.00366002	2000
37.5	-32.5	0.00328688	2000
37.5	-31.5	0.00200071	2000
37.5	-30.5	0.00194513	2000
37.5	-29.5	0.00184192	2000
37.5	-28.5	0.00209598	2000
37.5	-27.5	0.00215949	2000
37.5	-26.5	0.00219125	2000
37.5	-25.5	0.00221507	2000
37.5	-24.5	0.00233416	2000
37.5	-23.5	0.00215949	2000
37.5	-22.5	0.0023024	2000
37.5	-21.5	0.00214362	2000
37.5	-20.5	0.00135762	2000
37.5	-19.5	0.000484298	2000
37.5	-18.5	0.000293755	2000
38.5	-41.5	0.00232766	2000
38.5	-40.5	0.00606275	2000
38.5	-39.5	0.00593129	2000
38.5	-38.5	0.00480999	2000
38.5	-37.5	0.00487959	2000
38.5	-36.5	0.00419134	2000
38.5	-35.5	0.00442333	2000
38.5	-34.5	0.00422227	2000
38.5	-33.5	0.00375055	2000
38.5	-32.5	0.00349536	2000
38.5	-31.5	0.00235086	2000
38.5	-30.5	0.0021034	2000
38.5	-29.5	0.00225807	2000
38.5	-28.5	0.00230446	2000
38.5	-27.5	0.00261379	2000
38.5	-26.5	0.00263699	2000
38.5	-25.5	0.00285351	2000
38.5	-24.5	0.00274525	2000
38.5	-23.5	0.00289991	2000
38.5	-22.5	0.00255192	2000
38.5	-21.5	0.00269885	2000
38.5	-20.5	0.00153115	2000
38.5	-19.5	0.000409854	2000
38.5	-18.5	0.000301591	2000
39.5	-41.5	0.00165821	2000
39.5	-40.5	0.00498971	2000
39.5	-39.5	0.00583389	2000
39.5	-38.5	0.00449978	2000
39.5	-37.5	0.00485404	2000
39.5	-36.5	0.00456762	2000
39.5	-35.5	0.00437165	2000
39.5	-34.5	0.00437919	2000
39.5	-33.5	0.00387419	2000
39.5	-32.5	0.00349732	2000
39.5	-31.5	0.00214814	2000
39.5	-30.5	0.00171851	2000
39.5	-29.5	0.00185418	2000
39.5	-28.5	0.00224612	2000
39.5	-27.5	0.0028265	2000
39.5	-26.5	0.00272097	2000
39.5	-25.5	0.00279635	2000
39.5	-24.5	0.00280388	2000
39.5	-23.5	0.00311292	2000
39.5	-22.5	0.00310538	2000
39.5	-21.5	0.00277374	2000
39.5	-20.5	0.00177881	2000
39.5	-19.5	0.000708509	2000
39.5	-18.5	0.000459777	2000
40.5	-41.5	0.00111739	2000
40.5	-40.5	0.00464597	2000
40.5	-39.5	0.00638086	2000
40.5	-38.5	0.00478564	2000
40.5	-37.5	0.00492532	2000
40.5	-36.5	0.0048518	2000
40.5	-35.5	0.00440338	2000
40.5	-34.5	0.00438133	2000
40.5	-33.5	0.00441808	2000
40.5	-32.5	0.00338156	2000
40.5	-31.5	0.00211715	2000
40.5	-30.5	0.00154376	2000
40.5	-29.5	0.00176429	2000
40.5	-28.5	0.00253617	2000
40.5	-27.5	0.00274936	2000
40.5	-26.5	0.00300665	2000
40.5	-25.5	0.00318308	2000
40.5	-24.5	0.00335216	2000
40.5	-23.5	0.00327864	2000
40.5	-22.5	0.00332275	2000
40.5	-21.5	0.00309486	2000
40.5	-20.5	0.00169078	2000
40.5	-19.5	0.000617502	2000
40.5	-18.5	0.000455776	2000
41.5	-41.5	0.000595449	2000
41.5	-40.5	0.00408923	2000
41.5	-39.5	0.00592579	2000
41.5	-38.5	0.0046775	2000
41.5	-37.5	0.00479229	2000
41.5	-36.5	0.0047062	2000
41.5	-35.5	0.00461293	2000
41.5	-34.5	0.00393857	2000
41.5	-33.5	0.0041251	2000
41.5	-32.5	0.00365161	2000
41.5	-31.5	0.00210918	2000
41.5	-30.5	0.00166439	2000
41.5	-29.5	0.00167156	2000
41.5	-28.5	0.00220962	2000
41.5	-27.5	0.00231723	2000
41.5	-26.5	0.00260419	2000
41.5	-25.5	0.0025468	2000
41.5	-24.5	0.00253962	2000
41.5	-23.5	0.0027405	2000
41.5	-22.5	0.00236027	2000
41.5	-21.5	0.00264724	2000
41.5	-20.5	0.00131286	2000
41.5	-19.5	0.000645667	2000
41.5	-18.5	0.0003874	2000
42.5	-41.5	0.000105079	2000
42.5	-40.5	0.00377585	2000
42.5	-39.5	0.0062417	2000
42.5	-38.5	0.00474257	2000
42.5	-37.5	0.00506482	2000
42.5	-36.5	0.00501578	2000
42.5	-35.5	0.00471455	2000
42.5	-34.5	0.00481963	2000
42.5	-33.5	0.00488268	2000
42.5	-32.5	0.00408408	2000
42.5	-31.5	0.00224869	2000
42.5	-30.5	0.00156918	2000
42.5	-29.5	0.00187041	2000
42.5	-28.5	0.00196848	2000
42.5	-27.5	0.0022627	2000
42.5	-26.5	0.0022627	2000
42.5	-25.5	0.00241682	2000
42.5	-24.5	0.00224169	2000
42.5	-23.5	0.00215062	2000
42.5	-22.5	0.00231174	2000
42.5	-21.5	0.00214362	2000
42.5	-20.5	0.00140806	2000
42.5	-19.5	0.000700528	2000
42.5	-18.5	0.000329248	2000
43.5	-40.5	0.00312782	2000
43.5	-39.5	0.00644043	2000
43.5	-38.5	0.00516056	2000
43.5	-37.5	0.00496892	2000
43.5	-36.5	0.00532482	2000
43.5	-35.5	0.00541379	2000
43.5	-34.5	0.00514687	2000
43.5	-33.5	0.00478412	2000
43.5	-32.5	0.00453773	2000
43.5	-31.5	0.00244339	2000
43.5	-30.5	0.00185479	2000
43.5	-29.5	0.00194376	2000
43.5	-28.5	0.00232704	2000
43.5	-27.5	0.00215593	2000
43.5	-26.5	0.00215593	2000
43.5	-25.5	0.00206012	2000
43.5	-24.5	0.00210118	2000
43.5	-23.5	0.00208065	2000
43.5	-22.5	0.00219016	2000
43.5	-21.5	0.00208749	2000
43.5	-20.5	0.00122512	2000
43.5	-19.5	0.000266925	2000
43.5	-18.5	0.000157417	2000
44.5	-40.5	0.00280998	2000
44.5	-39.5	0.00671051	2000
44.5	-38.5	0.00556644	2000
44.5	-37.5	0.00564673	2000
44.5	-36.5	0.00566011	2000
44.5	-35.5	0.00553299	2000
44.5	-34.5	0.00527206	2000
44.5	-33.5	0.00539249	2000
44.5	-32.5	0.00553968	2000
44.5	-31.5	0.00355262	2000
44.5	-30.5	0.00319803	2000
44.5	-29.5	0.00281667	2000
44.5	-28.5	0.00264272	2000
44.5	-27.5	0.0022413	2000
44.5	-26.5	0.00244201	2000
44.5	-25.5	0.00226137	2000
44.5	-24.5	0.00218777	2000
44.5	-23.5	0.0025156	2000
44.5	-22.5	0.00229482	2000
44.5	-21.5	0.00219446	2000
44.5	-20.5	0.00122435	2000
44.5	-19.5	0.000327831	2000
44.5	-18.5	0.000200713	2000
45.5	-40.5	0.00241451	2000
45.5	-39.5	0.0122034	2000
45.5	-38.5	0.0204874	2000
45.5	-37.5	0.0274495	2000
45.5	-36.5	0.0303744	2000
45.5	-35.5	0.0305773	2000
45.5	-34.5	0.0288891	2000
45.5	-33.5	0.0244854	2000
45.5	-32.5	0.0160902	2000
45.5	-31.5	0.008068	2000
45.5	-30.5	0.0059872	2000
45.5	-29.5	0.00382788	2000
45.5	-28.5	0.00334367	2000
45.5	-27.5	0.0029707	2000
45.5	-26.5	0.00287255	2000
45.5	-25.5	0.00325207	2000
45.5	-24.5	0.00373628	2000
45.5	-23.5	0.00335022	2000
45.5	-22.5	0.00314737	2000
45.5	-21.5	0.00314083	2000
45.5	-20.5	0.00169474	2000
45.5	-19.5	0.000706686	2000
45.5	-18.5	0.000615079	2000
46.5	-40.5	0.00199123	2000
46.5	-39.5	0.0157698	2000
46.5	-38.5	0.0251177	2000
46.5	-37.5	0.0302078	2000
46.5	-36.5	0.0330378	2000
46.5	-35.5	0.033582	2000
46.5	-34.5	0.0314627	2000
46.5	-33.5	0.0270769	2000
46.5	-32.5	0.0208535	2000
46.5	-31.5	0.0141499	2000
46.5	-30.5	0.0102059	2000
46.5	-29.5	0.00381599	2000
46.5	-28.5	0.00290681	2000
46.5	-27.5	0.00315012	2000
46.5	-26.5	0.0040593	2000
46.5	-25.5	0.00435382	2000
46.5	-24.5	0.00414253	2000
46.5	-23.5	0.00473158	2000
46.5	-22.5	0.00437303	2000
46.5	-21.5	0.00420656	2000
46.5	-20.5	0.00245222	2000
46.5	-19.5	0.00108845	2000
46.5	-18.5	0.000627462	2000
47.5	-40.5	0.000231912	2000
47.5	-39.5	0.0140526	2000
47.5	-38.5	0.0246829	2000
47.5	-37.5	0.0270459	2000
47.5	-36.5	0.0285753	2000
47.5	-35.5	0.0279297	2000
47.5	-34.5	0.0263502	2000
47.5	-33.5	0.0245764	2000
47.5	-32.5	0.0219376	2000
47.5	-31.5	0.0152874	2000
47.5	-30.5	0.0111631	2000
47.5	-29.5	0.00629922	2000
47.5	-28.5	0.00390489	2000
47.5	-27.5	0.00404278	2000
47.5	-26.5	0.00456302	2000
47.5	-25.5	0.00455048	2000
47.5	-24.5	0.00404905	2000
47.5	-23.5	0.00443139	2000
47.5	-22.5	0.00401771	2000
47.5	-21.5	0.00416814	2000
47.5	-20.5	0.00248835	2000
47.5	-19.5	0.001053	2000
47.5	-18.5	0.000708271	2000
48.5	-39.5	0.00968678	2000
48.5	-38.5	0.0245362	2000
48.5	-37.5	0.0252114	2000
48.5	-36.5	0.0256534	2000
48.5	-35.5	0.0256473	2000
48.5	-34.5	0.0251746	2000
48.5	-33.5	0.0232164	2000
48.5	-32.5	0.0218659	2000
48.5	-31.5	0.0123816	2000
48.5	-30.5	0.00828717	2000
48.5	-29.5	0.00549409	2000
48.5	-28.5	0.00472676	2000
48.5	-27.5	0.00399012	2000
48.5	-26.5	0.00402081	2000
48.5	-25.5	0.00383665	2000
48.5	-24.5	0.00359111	2000
48.5	-23.5	0.00364636	2000
48.5	-22.5	0.0037323	2000
48.5	-21.5	0.00344378	2000
48.5	-20.5	0.00225902	2000
48.5	-19.5	0.000601587	2000
48.5	-18.5	0.000399012	2000
49.5	-39.5	0.00550339	2000
49.5	-38.5	0.022597	2000
49.5	-37.5	0.023854	2000
49.5	-36.5	0.0240164	2000
49.5	-35.5	0.0237097	2000
49.5	-34.5	0.0223023	2000
49.5	-33.5	0.0214482	2000
49.5	-32.5	0.02137	2000
49.5	-31.5	0.0103091	2000
49.5	-30.5	0.00633942	2000
49.5	-29.5	0.00452902	2000
49.5	-28.5	0.00404785	2000
49.5	-27.5	0.00325993	2000
49.5	-26.5	0.0032479	2000
49.5	-25.5	0.00330203	2000
49.5	-24.5	0.00339225	2000
49.5	-23.5	0.00294116	2000
49.5	-22.5	0.00286898	2000
49.5	-21.5	0.00291108	2000
49.5	-20.5	0.00158185	2000
49.5	-19.5	0.000523273	2000
49.5	-18.5	0.00041501	2000
50.5	-39.5	0.00283575	2000
50.5	-38.5	0.0193904	2000
50.5	-37.5	0.0218547	2000
50.5	-36.5	0.0219078	2000
50.5	-35.5	0.021501	2000
50.5	-34.5	0.0207169	2000
50.5	-33.5	0.0207817	2000
50.5	-32.5	0.0202335	2000
50.5	-31.5	0.00867822	2000
50.5	-30.5	0.00575993	2000
50.5	-29.5	0.00417993	2000
50.5	-28.5	0.00359038	2000
50.5	-27.5	0.00331329	2000
50.5	-26.5	0.00321896	2000
50.5	-25.5	0.0029065	2000
50.5	-24.5	0.00293597	2000
50.5	-23.5	0.00265299	2000
50.5	-22.5	0.0026412	2000
50.5	-21.5	0.00267068	2000
50.5	-20.5	0.00149746	2000
50.5	-19.5	0.000524702	2000
50.5	-18.5	0.000424478	2000
51.5	-39.5	0.000410455	2000
51.5	-38.5	0.0156551	2000
51.5	-37.5	0.020569	2000
51.5	-36.5	0.0211644	2000
51.5	-35.5	0.0202453	2000
51.5	-34.5	0.0203609	2000
51.5	-33.5	0.0194128	2000
51.5	-32.5	0.018985	2000
51.5	-31.5	0.00883923	2000
51.5	-30.5	0.00570012	2000
51.5	-29.5	0.00443985	2000
51.5	-28.5	0.00388487	2000
51.5	-27.5	0.00334723	2000
51.5	-26.5	0.00333567	2000
51.5	-25.5	0.00285006	2000
51.5	-24.5	0.00269397	2000
51.5	-23.5	0.00310443	2000
51.5	-22.5	0.00246851	2000
51.5	-21.5	0.00267085	2000
51.5	-20.5	0.0014048	2000
51.5	-19.5	0.000346863	2000
51.5	-18.5	0.000300615	2000
52.5	-38.5	0.0102871	2000
52.5	-37.5	0.0194116	2000
52.5	-36.5	0.018958	2000
52.5	-35.5	0.0192245	2000
52.5	-34.5	0.0185383	2000
52.5	-33.5	0.018578	2000
52.5	-32.5	0.017268	2000
52.5	-31.5	0.010117	2000
52.5	-30.5	0.00669171	2000
52.5	-29.5	0.00587509	2000
52.5	-28.5	0.00484298	2000
52.5	-27.5	0.00401503	2000
52.5	-26.5	0.00328915	2000
52.5	-25.5	0.00341958	2000
52.5	-24.5	0.00324378	2000
52.5	-23.5	0.00337988	2000
52.5	-22.5	0.00334018	2000
52.5	-21.5	0.00318707	2000
52.5	-20.5	0.00192245	2000
52.5	-19.5	0.000561423	2000
52.5	-18.5	0.000465017	2000
53.5	-38.5	0.00578754	2000
53.5	-37.5	0.0182307	2000
53.5	-36.5	0.018125	2000
53.5	-35.5	0.0184923	2000
53.5	-34.5	0.0179358	2000
53.5	-33.5	0.0163832	2000
53.5	-32.5	0.0159547	2000
53.5	-31.5	0.0111188	2000
53.5	-30.5	0.00928789	2000
53.5	-29.5	0.00787439	2000
53.5	-28.5	0.00651098	2000
53.5	-27.5	0.00470238	2000
53.5	-26.5	0.00414588	2000
53.5	-25.5	0.0038565	2000
53.5	-24.5	0.00397893	2000
53.5	-23.5	0.00437961	2000
53.5	-22.5	0.00413475	2000
53.5	-21.5	0.00412362	2000
53.5	-20.5	0.00274352	2000
53.5	-19.5	0.00110742	2000
53.5	-18.5	0.000729007	2000
54.5	-38.5	0.00181366	2000
54.5	-37.5	0.0164322	2000
54.5	-36.5	0.0163557	2000
54.5	-35.5	0.0168146	2000
54.5	-34.5	0.0166616	2000
54.5	-33.5	0.0159788	2000
54.5	-32.5	0.0148043	2000
54.5	-31.5	0.0123952	2000
54.5	-30.5	0.0101554	2000
54.5	-29.5	0.008451	2000
54.5	-28.5	0.00709076	2000
54.5	-27.5	0.00341973	2000
54.5	-26.5	0.00265494	2000
54.5	-25.5	0.00298271	2000
54.5	-24.5	0.00445221	2000
54.5	-23.5	0.00467618	2000
54.5	-22.5	0.00461609	2000
54.5	-21.5	0.00462702	2000
54.5	-20.5	0.00260031	2000
54.5	-19.5	0.00112534	2000
54.5	-18.5	0.000557209	2000
55.5	-38.5	0.000101924	2000
55.5	-37.5	0.0125044	2000
55.5	-36.5	0.0167584	2000
55.5	-35.5	0.0159752	2000
55.5	-34.5	0.0161361	2000
55.5	-33.5	0.0151169	2000
55.5	-32.5	0.0145107	2000
55.5	-31.5	0.00948426	2000
55.5	-30.5	0.00761745	2000
55.5	-29.5	0.00613151	2000
55.5	-28.5	0.00535367	2000
55.5	-27.5	0.0033903	2000
55.5	-26.5	0.00223159	2000
55.5	-25.5	0.00247835	2000
55.5	-24.5	0.00300943	2000
55.5	-23.5	0.00367462	2000
55.5	-22.5	0.00342785	2000
55.5	-21.5	0.0035566	2000
55.5	-20.5	0.00228524	2000
55.5	-19.5	0.000922677	2000
55.5	-18.5	0.000616906	2000
56.5	-37.5	0.00834682	2000
56.5	-36.5	0.0152498	2000
56.5	-35.5	0.0152235	2000
56.5	-34.5	0.0149126	2000
56.5	-33.5	0.0148651	2000
56.5	-32.5	0.0147123	2000
56.5	-31.5	0.00823616	2000
56.5	-30.5	0.00632335	2000
56.5	-29.5	0.00521676	2000
56.5	-28.5	0.00454754	2000
56.5	-27.5	0.00315114	2000
56.5	-26.5	0.00239233	2000
56.5	-25.5	0.00238706	2000
56.5	-24.5	0.00280335	2000
56.5	-23.5	0.00287185	2000
56.5	-22.5	0.00311425	2000
56.5	-21.5	0.00283497	2000
56.5	-20.5	0.00177054	2000
56.5	-19.5	0.000505868	2000
56.5	-18.5	0.000316167	2000
57.5	-37.5	0.00353645	2000
57.5	-36.5	0.0141147	2000
57.5	-35.5	0.0140474	2000
57.5	-34.5	0.0142804	2000
57.5	-33.5	0.0141769	2000
57.5	-32.5	0.0145238	2000
57.5	-31.5	0.00761139	2000
57.5	-30.5	0.00529173	2000
57.5	-29.5	0.00432865	2000
57.5	-28.5	0.00392478	2000
57.5	-27.5	0.00297724	2000
57.5	-26.5	0.0024284	2000
57.5	-25.5	0.00245428	2000
57.5	-24.5	0.00237662	2000
57.5	-23.5	0.00264586	2000
57.5	-22.5	0.00255266	2000
57.5	-21.5	0.00231448	2000
57.5	-20.5	0.00149639	2000
57.5	-19.5	0.000445292	2000
57.5	-18.5	0.000269246	2000
58.5	-37.5	0.000391876	2000
58.5	-36.5	0.0127792	2000
58.5	-35.5	0.0133543	2000
58.5	-34.5	0.0133696	2000
58.5	-33.5	0.0135019	2000
58.5	-32.5	0.0133187	2000
58.5	-31.5	0.00663645	2000
58.5	-30.5	0.00470252	2000
58.5	-29.5	0.00403582	2000
58.5	-28.5	0.00350144	2000
58.5	-27.5	0.00306376	2000
58.5	-26.5	0.00253956	2000
58.5	-25.5	0.00246831	2000
58.5	-24.5	0.00234617	2000
58.5	-23.5	0.00260572	2000
58.5	-22.5	0.00255483	2000
58.5	-21.5	0.00239706	2000
58.5	-20.5	0.0013792	2000
58.5	-19.5	0.000625985	2000
58.5	-18.5	0.000391876	2000
59.5	-36.5	0.00821119	2000
59.5	-35.5	0.0128046	2000
59.5	-34.5	0.0127646	2000
59.5	-33.5	0.0131299	2000
59.5	-32.5	0.0127246	2000
59.5	-31.5	0.00720043	2000
59.5	-30.5	0.00555919	2000
59.5	-29.5	0.00492871	2000
59.5	-28.5	0.00448338	2000
59.5	-27.5	0.00369278	2000
59.5	-26.5	0.00307232	2000
59.5	-25.5	0.00300727	2000
59.5	-24.5	0.00312235	2000
59.5	-23.5	0.00298225	2000
59.5	-22.5	0.00299225	2000
59.5	-21.5	0.00282213	2000
59.5	-20.5	0.00170128	2000
59.5	-19.5	0.000620468	2000
59.5	-18.5	0.000420317	2000
60.5	-36.5	0.00404511	2000
60.5	-35.5	0.0121747	2000
60.5	-34.5	0.0122584	2000
60.5	-33.5	0.0123223	2000
60.5	-32.5	0.0121009	2000
60.5	-31.5	0.00805086	2000
60.5	-30.5	0.00711094	2000
60.5	-29.5	0.0058413	2000
60.5	-28.5	0.00616117	2000
60.5	-27.5	0.00521633	2000
60.5	-26.5	0.00445356	2000
60.5	-25.5	0.00429117	2000
60.5	-24.5	0.00450277	2000
60.5	-23.5	0.00417798	2000
60.5	-22.5	0.00377938	2000
60.5	-21.5	0.00379906	2000
60.5	-20.5	0.00235227	2000
60.5	-19.5	0.000974371	2000
60.5	-18.5	0.000546238	2000
61.5	-36.5	0.000406648	2000
61.5	-35.5	0.0111973	2000
61.5	-34.5	0.0111731	2000
61.5	-33.5	0.0111973	2000
61.5	-32.5	0.0114878	2000
61.5	-31.5	0.00852508	2000
61.5	-30.5	0.00739228	2000
61.5	-29.5	0.00655962	2000
61.5	-28.5	0.00609972	2000
61.5	-27.5	0.00568339	2000
61.5	-26.5	0.00538324	2000
61.5	-25.5	0.00512183	2000
61.5	-24.5	0.00463288	2000
61.5	-23.5	0.00479748	2000
61.5	-22.5	0.00419235	2000
61.5	-21.5	0.00438115	2000
61.5	-20.5	0.00258996	2000
61.5	-19.5	0.00108924	2000
61.5	-18.5	0.000798773	2000
62.5	-35.5	0.00693102	2000
62.5	-34.5	0.0113612	2000
62.5	-33.5	0.0111182	2000
62.5	-32.5	0.010699	2000
62.5	-31.5	0.00770749	2000
62.5	-30.5	0.00641655	2000
62.5	-29.5	0.00560674	2000
62.5	-28.5	0.00552576	2000
62.5	-27.5	0.00524471	2000
62.5	-26.5	0.0048541	2000
62.5	-25.5	0.00457781	2000
62.5	-24.5	0.00459686	2000
62.5	-23.5	0.00440156	2000
62.5	-22.5	0.0041729	2000
62.5	-21.5	0.00390138	2000
62.5	-20.5	0.00223889	2000
62.5	-19.5	0.0008765	2000
62.5	-18.5	0.000514468	2000
63.5	-35.5	0.00255996	2000
63.5	-34.5	0.0107181	2000
63.5	-33.5	0.0106196	2000
63.5	-32.5	0.0107134	2000
63.5	-31.5	0.00591229	2000
63.5	-30.5	0.00482454	2000
63.5	-29.5	0.00436975	2000
63.5	-28.5	0.00393371	2000
63.5	-27.5	0.00389151	2000
63.5	-26.5	0.00372273	2000
63.5	-25.5	0.0032398	2000
63.5	-24.5	0.00316947	2000
63.5	-23.5	0.00338515	2000
63.5	-22.5	0.00301475	2000
63.5	-21.5	0.00310383	2000
63.5	-20.5	0.00190356	2000
63.5	-19.5	0.00109713	2000
63.5	-18.5	0.000553252	2000
64.5	-35.5	2.30794e-05	2000
64.5	-34.5	0.00847937	2000
64.5	-33.5	0.0100442	2000
64.5	-32.5	0.0102657	2000
64.5	-31.5	0.00540981	2000
64.5	-30.5	0.00409429	2000
64.5	-29.5	0.00371578	2000
64.5	-28.5	0.00358654	2000
64.5	-27.5	0.00330497	2000
64.5	-26.5	0.00321265	2000
64.5	-25.5	0.00306033	2000
64.5	-24.5	0.00297724	2000
64.5	-23.5	0.00263567	2000
64.5	-22.5	0.00282954	2000
64.5	-21.5	0.00289416	2000
64.5	-20.5	0.00183712	2000
64.5	-19.5	0.00121398	2000
64.5	-18.5	0.000692382	2000
65.5	-34.5	0.00372269	2000
65.5	-33.5	0.00949536	2000
65.5	-32.5	0.00914082	2000
65.5	-31.5	0.0053454	2000
65.5	-30.5	0.00405905	2000
65.5	-29.5	0.00409996	2000
65.5	-28.5	0.00397269	2000
65.5	-27.5	0.00365451	2000
65.5	-26.5	0.00345451	2000
65.5	-25.5	0.00334088	2000
65.5	-24.5	0.0032727	2000
65.5	-23.5	0.00307724	2000
65.5	-22.5	0.00301815	2000
65.5	-21.5	0.00288634	2000
65.5	-20.5	0.00219089	2000
65.5	-19.5	0.0012409	2000
65.5	-18.5	0.000795447	2000
66.5	-34.5	0.000465614	2000
66.5	-33.5	0.00796469	2000
66.5	-32.5	0.00894068	2000
66.5	-31.5	0.00555155	2000
66.5	-30.5	0.00470091	2000
66.5	-29.5	0.00421291	2000
66.5	-28.5	0.0039622	2000
66.5	-27.5	0.0039219	2000
66.5	-26.5	0.00380102	2000
66.5	-25.5	0.00336675	2000
66.5	-24.5	0.00355478	2000
66.5	-23.5	0.0034339	2000
66.5	-22.5	0.00329959	2000
66.5	-21.5	0.00320557	2000
66.5	-20.5	0.00235046	2000
66.5	-19.5	0.00204154	2000
66.5	-18.5	0.00121776	2000
67.5	-33.5	0.00342714	2000
67.5	-32.5	0.00802753	2000
67.5	-31.5	0.00635145	2000
67.5	-30.5	0.00590597	2000
67.5	-29.5	0.00531934	2000
67.5	-28.5	0.00500177	2000
67.5	-27.5	0.00482093	2000
67.5	-26.5	0.00461362	2000
67.5	-25.5	0.00416373	2000
67.5	-24.5	0.00430928	2000
67.5	-23.5	0.00393437	2000
67.5	-22.5	0.00426518	2000
67.5	-21.5	0.00354623	2000
67.5	-20.5	0.00296401	2000
67.5	-19.5	0.0023421	2000
67.5	-18.5	0.00138497	2000
68.5	-33.5	0.000565024	2000
68.5	-32.5	0.00539816	2000
68.5	-31.5	0.00691937	2000
68.5	-30.5	0.00606315	2000
68.5	-29.5	0.00555462	2000
68.5	-28.5	0.00554593	2000
68.5	-27.5	0.00539381	2000
68.5	-26.5	0.00521561	2000
68.5	-25.5	0.00488094	2000
68.5	-24.5	0.00502002	2000
68.5	-23.5	0.00461147	2000
68.5	-22.5	0.00465493	2000
68.5	-21.5	0.004455	2000
68.5	-20.5	0.00329887	2000
68.5	-19.5	0.00304678	2000
68.5	-18.5	0.00187327	2000
69.5	-32.5	0.00213333	2000
69.5	-31.5	0.00513628	2000
69.5	-30.5	0.00635288	2000
69.5	-29.5	0.00571888	2000
69.5	-28.5	0.00551326	2000
69.5	-27.5	0.00552182	2000
69.5	-26.5	0.00522196	2000
69.5	-25.5	0.00518769	2000
69.5	-24.5	0.00489639	2000
69.5	-23.5	0.00469076	2000
69.5	-22.5	0.00440375	2000
69.5	-21.5	0.00406105	2000
69.5	-20.5	0.00374833	2000
69.5	-19.5	0.00352985	2000
69.5	-18.5	0.00225328	2000
70.5	-32.5	0.00057011	2000
70.5	-31.5	0.00306593	2000
70.5	-30.5	0.00405834	2000
70.5	-29.5	0.00602628	2000
70.5	-28.5	0.00563354	2000
70.5	-27.5	0.00537593	2000
70.5	-26.5	0.00499586	2000
70.5	-25.5	0.00519434	2000
70.5	-24.5	0.0048565	2000
70.5	-23.5	0.00465801	2000
70.5	-22.5	0.00454399	2000
70.5	-21.5	0.00389787	2000
70.5	-20.5	0.00376695	2000
70.5	-19.5	0.00330664	2000
70.5	-18.5	0.00206929	2000
71.5	-31.5	0.00187379	2000
71.5	-30.5	0.00403489	2000
71.5	-29.5	0.00598363	2000
71.5	-28.5	0.00568383	2000
71.5	-27.5	0.00514668	2000
71.5	-26.5	0.00534238	2000
71.5	-25.5	0.00508838	2000
71.5	-24.5	0.00455123	2000
71.5	-23.5	0.00451791	2000
71.5	-22.5	0.00413899	2000
71.5	-21.5	0.0037684	2000
71.5	-20.5	0.00312715	2000
71.5	-19.5	0.0024734	2000
71.5	-18.5	0.00171139	2000
72.5	-31.5	0.000324417	2000
72.5	-30.5	0.00359733	2000
72.5	-29.5	0.00583129	2000
72.5	-28.5	0.00591753	2000
72.5	-27.5	0.00540421	2000
72.5	-26.5	0.005396	2000
72.5	-25.5	0.00500588	2000
72.5	-24.5	0.00467735	2000
72.5	-23.5	0.00445971	2000
72.5	-22.5	0.00423385	2000
72.5	-21.5	0.00388068	2000
72.5	-20.5	0.00199989	2000
72.5	-19.5	0.00101021	2000
72.5	-18.5	0.00075971	2000
73.5	-30.5	0.0017823	2000
73.5	-29.5	0.00411953	2000
73.5	-28.5	0.0048041	2000
73.5	-27.5	0.00538334	2000
73.5	-26.5	0.00521321	2000
73.5	-25.5	0.00509574	2000
73.5	-24.5	0.00510385	2000
73.5	-23.5	0.0048527	2000
73.5	-22.5	0.00442333	2000
73.5	-21.5	0.00383599	2000
73.5	-20.5	0.0024304	2000
73.5	-19.5	0.00147444	2000
73.5	-18.5	0.00110583	2000
74.5	-30.5	4.39593e-05	2000
74.5	-29.5	0.00215401	2000
74.5	-28.5	0.00347278	2000
74.5	-27.5	0.0056188	2000
74.5	-26.5	0.00545495	2000
74.5	-25.5	0.00571871	2000
74.5	-24.5	0.00520318	2000
74.5	-23.5	0.00509129	2000
74.5	-22.5	0.00452381	2000
74.5	-21.5	0.00402427	2000
74.5	-20.5	0.00347678	2000
74.5	-19.5	0.00239778	2000
74.5	-18.5	0.00146265	2000
75.5	-29.5	0.000556015	2000
75.5	-28.5	0.00308371	2000
75.5	-27.5	0.00439291	2000
75.5	-26.5	0.0039276	2000
75.5	-25.5	0.00436925	2000
75.5	-24.5	0.00414448	2000
75.5	-23.5	0.00418786	2000
75.5	-22.5	0.0037186	2000
75.5	-21.5	0.00333609	2000
75.5	-20.5	0.00235419	2000
75.5	-19.5	0.00120667	2000
75.5	-18.5	0.000697976	2000
75.5	-17.5	0.00873851	2000
74.5	-17.5	0.00873851	2000
75.5	-16.5	0.0212311	2000
74.5	-16.5	0.0212311	2000
75.5	-15.5	0.0212311	3750
74.5	-15.5	0.0212311	3750
75.5	-14.5	0.0192436	6393.67
74.5	-14.5	0.0192436	6393.67
75.5	-13.5	0.0171694	7404.6
74.5	-13.5	0.0171694	7404.6
75.5	-12.5	0.0161875	6629.56
74.5	-12.5	0.0161875	6629.56
75.5	-11.5	0.0152608	6878.93
74.5	-11.5	0.0152608	6878.93
75.5	-10.5	0.0142868	8925.54
74.5	-10.5	0.0142868	8925.54
75.5	-9.5	0.0137229	6927.72
74.5	-9.5	0.0137229	6927.72
75.5	-8.5	0.0132063	10218
74.5	-8.5	0.0132063	10218
75.5	-7.5	0.012603	7815.29
74.5	-7.5	0.012603	7815.29
75.5	-6.5	0.0126464	11174.3
74.5	-6.5	0.0126464	11174.3
75.5	-5.5	0.0120943	9463.54
74.5	-5.5	0.0120943	9463.54
75.5	-4.5	0.0114082	11859.5
74.5	-4.5	0.0114082	11859.5
75.5	-3.5	0.0111795	11002.8
74.5	-3.5	0.0111795	11002.8
75.5	-2.5	0.0108798	12784.3
74.5	-2.5	0.0108798	12784.3
75.5	-1.5	0.0102646	24000
75.5	-0.5	0.010237	26000
75.5	0.5	0.00968886	23000
74.5	-1.5	0.0102646	24000
74.5	-0.5	0.010237	26000
74.5	0.5	0.00968886	23000
75.5	1.5	0.00980716	7016.71
74.5	1.5	0.00980716	7016.71
75.5	2.5	0.00898299	10552.6
74.5	2.5	0.00898299	10552.6
75.5	3.5	0.0090658	10068.1
74.5	3.5	0.0090658	10068.1
75.5	4.5	0.00867147	11558.1
74.5	4.5	0.00867147	11558.1
75.5	5.5	0.00852556	12457
74.5	5.5	0.00852556	12457
75.5	6.5	0.00798138	11413.3
74.5	6.5	0.00798138	11413.3
75.5	7.5	0.0080011	12138.8
74.5	7.5	0.0080011	12138.8
75.5	8.5	0.0078473	10535.7
74.5	8.5	0.0078473	10535.7
75.5	9.5	0.0078197	11659.9
74.5	9.5	0.0078197	11659.9
75.5	10.5	0.00737804	12328.4
74.5	10.5	0.00737804	12328.4
75.5	11.5	0.00706652	11169.3
74.5	11.5	0.00706652	11169.3
75.5	12.5	0.00693639	11832.1
74.5	12.5	0.00693639	11832.1
75.5	13.5	0.00681414	10213.1
74.5	13.5	0.00681414	10213.1
75.5	14.5	0.00644741	11278.2
74.5	14.5	0.00644741	11278.2
75.5	15.5	0.00625418	11933.5
74.5	15.5	0.00625418	11933.5
75.5	16.5	0.00576521	10753
74.5	16.5	0.00576521	10753
75.5	17.5	0.00634094	11411.2
74.5	17.5	0.00634094	11411.2
75.5	18.5	0.00596237	9831.07
74.5	18.5	0.00596237	9831.07
75.5	19.5	0.00577704	10853.4
74.5	19.5	0.00577704	10853.4
75.5	20.5	0.00566268	11511.2
74.5	20.5	0.00566268	11511.2
75.5	21.5	0.00535509	10325.7
74.5	21.5	0.00535509	10325.7
75.5	22.5	0.00545368	10985.5
74.5	22.5	0.00545368	10985.5
75.5	23.5	0.00525257	9449.02
74.5	23.5	0.00525257	9449.02
75.5	24.5	0.00507512	10426.6
74.5	24.5	0.00507512	10426.6
75.5	25.5	0.00473599	11086.9
74.5	25.5	0.00473599	11086.9
75.5	26.5	0.00482274	9898.21
74.5	26.5	0.00482274	9898.21
75.5	27.5	0.00452304	10558.6
74.5	27.5	0.00452304	10558.6
75.5	28.5	0.00462557	9064.31
74.5	28.5	0.00462557	9064.31
75.5	29.5	0.00444023	10007.4
74.5	29.5	0.00444023	10007.4
75.5	30.5	0.00440474	10680.8
74.5	30.5	0.00440474	10680.8
75.5	31.5	0.00425095	9488.3
74.5	31.5	0.00425095	9488.3
75.5	32.5	0.00412871	10161.9
74.5	32.5	0.00412871	10161.9
75.5	33.5	0.00425884	8729.27
74.5	33.5	0.00425884	8729.27
75.5	34.5	0.0040735	9647.06
74.5	34.5	0.0040735	9647.06
75.5	35.5	0.0037738	10351.7
74.5	35.5	0.0037738	10351.7
75.5	36.5	0.00383295	9198.65
74.5	36.5	0.00383295	9198.65
75.5	37.5	0.00403407	9923.2
74.5	37.5	0.00403407	9923.2
75.5	38.5	0.00346622	8565.3
74.5	38.5	0.00346622	8565.3
75.5	39.5	0.00373831	9543.41
74.5	39.5	0.00373831	9543.41
75.5	40.5	0.00362001	10333.6
74.5	40.5	0.00362001	10333.6
75.5	41.5	0.00343467	9247.07
74.5	41.5	0.00343467	9247.07
75.5	42.5	0.00336764	10041.1
74.5	42.5	0.00336764	10041.1
75.5	43.5	0.00327694	8734.8
74.5	43.5	0.00327694	8734.8
75.5	44.5	0.00320596	9778.08
74.5	44.5	0.00320596	9778.08
75.5	45.5	0.00313103	10606.9
74.5	45.5	0.00313103	10606.9
75.5	46.5	0.00311132	9561.55
74.5	46.5	0.00311132	9561.55
75.5	47.5	0.00307583	10387.2
74.5	47.5	0.00307583	10387.2
75.5	48.5	0.00299696	9073.98
74.5	48.5	0.00299696	9073.98
75.5	49.5	0.00305217	10175.7
74.5	49.5	0.00305217	10175.7
75.5	50.5	0.00278007	11017.9
74.5	50.5	0.00278007	11017.9
75.5	51.5	0.00294175	10006.7
74.5	51.5	0.00294175	10006.7
75.5	52.5	0.00278007	10850.5
74.5	52.5	0.00278007	10850.5
75.5	53.5	0.00265389	9500.68
74.5	53.5	0.00265389	9500.68
75.5	54.5	0.00263417	10680.5
74.5	54.5	0.00263417	10680.5
75.5	55.5	0.00254347	11550.8
74.5	55.5	0.00254347	11550.8
75.5	56.5	0.00258291	10560.9
74.5	56.5	0.00258291	10560.9
75.5	57.5	0.00280374	11431.2
74.5	57.5	0.00280374	11431.2
75.5	58.5	0.00265389	10048
74.5	58.5	0.00265389	10048
75.5	59.5	0.00248827	11313.7
74.5	59.5	0.00248827	11313.7
75.5	60.5	0.00248432	12202.8
74.5	60.5	0.00248432	12202.8
75.5	61.5	0.00249221	11261.6
74.5	61.5	0.00249221	11261.6
75.5	62.5	0.00249221	12169.1
74.5	62.5	0.00249221	12169.1
75.5	63.5	0.00257108	10744.4
74.5	63.5	0.00257108	10744.4
75.5	64.5	0.00240151	12131.2
74.5	64.5	0.00240151	12131.2
75.5	65.5	0.00230687	13059.7
74.5	65.5	0.00230687	13059.7
75.5	66.5	0.00230293	12179
74.5	66.5	0.00230293	12179
75.5	67.5	0.00222012	13136.3
74.5	67.5	0.00222012	13136.3
75.5	68.5	0.00241334	11667.1
74.5	68.5	0.00241334	11667.1
75.5	69.5	0.00241729	13198.2
74.5	69.5	0.00241729	13198.2
75.5	70.5	0.00221617	14147.5
74.5	70.5	0.00221617	14147.5
75.5	71.5	0.00242517	13272.8
74.5	71.5	0.00242517	13272.8
75.5	72.5	0.00238574	14124.4
74.5	72.5	0.00238574	14124.4
75.5	73.5	0.00231476	12360.1
74.5	73.5	0.00231476	12360.1
75.5	74.5	0.00237785	13666.7
74.5	74.5	0.00237785	13666.7
75.5	75.5	0.00230293	14226.3
74.5	75.5	0.00230293	14226.3
75.5	76.5	0.00224378	13010.5
74.5	76.5	0.00224378	13010.5
75.5	77.5	0.00224772	13558.4
74.5	77.5	0.00224772	13558.4
75.5	78.5	0.00239362	11659.2
74.5	78.5	0.00239362	11659.2
75.5	79.5	0.00240151	12791.7
74.5	79.5	0.00240151	12791.7
75.5	80.5	0.00241334	13333.6
74.5	80.5	0.00241334	13333.6
75.5	81.5	0.00256713	12063.1
74.5	81.5	0.00256713	12063.1
75.5	82.5	0.00251587	12607.2
74.5	82.5	0.00251587	12607.2
75.5	83.5	0.00256319	10799
74.5	83.5	0.00256319	10799
75.5	84.5	0.00257896	11840.8
74.5	84.5	0.00257896	11840.8
75.5	85.5	0.00265389	12377
74.5	85.5	0.00265389	12377
75.5	86.5	0.00281162	11105.4
74.5	86.5	0.00281162	11105.4
75.5	87.5	0.0026736	11652.7
74.5	87.5	0.0026736	11652.7
75.5	88.5	0.00310343	9933.42
74.5	88.5	0.00310343	9933.42
75.5	89.5	0.00314286	10886.9
74.5	89.5	0.00314286	10886.9
75.5	90.5	0.00325722	11433
74.5	90.5	0.00325722	11433
75.5	91.5	0.00323356	10149.2
74.5	91.5	0.00323356	10149.2
75.5	92.5	0.00356875	10711.8
74.5	92.5	0.00356875	10711.8
75.5	93.5	0.00373437	9084.19
74.5	93.5	0.00373437	9084.19
75.5	94.5	0.00381324	9934.68
74.5	94.5	0.00381324	9934.68
75.5	95.5	0.00382112	10488.4
74.5	95.5	0.00382112	10488.4
75.5	96.5	0.00410899	9191.96
74.5	96.5	0.00410899	9191.96
75.5	97.5	0.00417603	9746.45
74.5	97.5	0.00417603	9746.45
75.5	98.5	0.00436531	8232.3
74.5	98.5	0.00436531	8232.3
75.5	99.5	0.00475176	8981.54
74.5	99.5	0.00475176	8981.54
75.5	100.5	0.0049647	9542.89
74.5	100.5	0.0049647	9542.89
75.5	101.5	0.00484246	8236.24
74.5	101.5	0.00484246	8236.24
75.5	102.5	0.00519342	8789.91
74.5	102.5	0.00519342	8789.91
75.5	103.5	0.00528806	7368.33
74.5	103.5	0.00528806	7368.33
75.5	104.5	0.00572971	8028.28
74.5	104.5	0.00572971	8028.28
75.5	105.5	0.00600181	8607.11
74.5	105.5	0.00600181	8607.11
75.5	106.5	0.00617532	7278.57
74.5	106.5	0.00617532	7278.57
75.5	107.5	0.00642375	7833.47
74.5	107.5	0.00642375	7833.47
75.5	108.5	0.00735833	6542.37
74.5	108.5	0.00735833	6542.37
75.5	109.5	0.00742931	7076.7
74.5	109.5	0.00742931	7076.7
75.5	110.5	0.00786702	7682.33
74.5	110.5	0.00786702	7682.33
75.5	111.5	0.0078473	6323.24
74.5	111.5	0.0078473	6323.24
75.5	112.5	0.00844275	6883.65
74.5	112.5	0.00844275	6883.65
75.5	113.5	0.00875428	5675.52
74.5	113.5	0.00875428	5675.52
75.5	114.5	0.00936944	6125.75
74.5	114.5	0.00936944	6125.75
75.5	115.5	0.00959422	6719.24
74.5	115.5	0.00959422	6719.24
75.5	116.5	0.0102804	5369.47
74.5	116.5	0.0102804	5369.47
75.5	117.5	0.0112307	5937.21
74.5	117.5	0.0112307	5937.21
75.5	118.5	0.0109034	4839.01
74.5	118.5	0.0109034	4839.01
75.5	119.5	0.0121929	5170.77
74.5	119.5	0.0121929	5170.77
75.5	120.5	0.0127883	5795.79
74.5	120.5	0.0127883	5795.79
75.5	121.5	0.0136638	4421.24
74.5	121.5	0.0136638	4421.24
75.5	122.5	0.0142908	4986.82
74.5	122.5	0.0142908	4986.82
75.5	123.5	0.0154896	4039.33
74.5	123.5	0.0154896	4039.33
75.5	124.5	0.0155645	4227.3
74.5	124.5	0.0155645	4227.3
75.5	125.5	0.0168421	4831.08
74.5	125.5	0.0168421	4831.08
75.5	126.5	0.0173035	3453.77
74.5	126.5	0.0173035	3453.77
75.5	127.5	0.0187704	4032.49
74.5	127.5	0.0187704	4032.49
75.5	128.5	0.0194132	3260.79
74.5	128.5	0.0194132	3260.79
75.5	129.5	0.021168	3261.51
74.5	129.5	0.021168	3261.51
75.5	130.5	0.0223786	3893.9
74.5	130.5	0.0223786	3893.9
75.5	131.5	0.0232028	2509.79
74.5	131.5	0.0232028	2509.79
75.5	132.5	0.0253283	3230.65
74.5	132.5	0.0253283	3230.65
75.5	133.5	0.0262431	2452.01
74.5	133.5	0.0262431	2452.01
75.5	134.5	0.0284396	2325.03
74.5	134.5	0.0284396	2325.03
75.5	135.5	0.0300288	2970.84
74.5	135.5	0.0300288	2970.84
75.5	136.5	0.0318664	1506.24
74.5	136.5	0.0318664	1506.24
75.5	137.5	0.0319137	2179.89
74.5	137.5	0.0319137	2179.89
75.5	138.5	0.0271185	1830.26
74.5	138.5	0.0271185	1830.26
75.5	139.5	0.00720059	1375.16
74.5	139.5	0.00720059	1375.16
75.5	140.5	0.00533143	2146.94
74.5	140.5	0.00533143	2146.94
75.5	141.5	0.00459008	709.343
74.5	141.5	0.00459008	709.343
75.5	142.5	0.00658937	1222.28
74.5	142.5	0.00658937	1222.28
75.5	143.5	0.00634094	1519.29
74.5	143.5	0.00634094	1519.29
75.5	144.5	0.00641586	808.335
74.5	144.5	0.00641586	808.335
75.5	145.5	0.0062739	3089.44
74.5	145.5	0.0062739	3089.44
75.5	146.5	0.000611222	795.989
74.5	146.5	0.000611222	795.989
76.5	-28.5	0.00115198	2000
76.5	-27.5	0.00262698	2000
76.5	-26.5	0.00270871	2000
76.5	-25.5	0.00275152	2000
76.5	-24.5	0.00289552	2000
76.5	-23.5	0.00278654	2000
76.5	-22.5	0.00259195	2000
76.5	-21.5	0.00251412	2000
76.5	-20.5	0.00148278	2000
76.5	-19.5	0.00187019	2000
76.5	-18.5	0.00161829	2000
76.5	-17.5	0.0166492	2000
76.5	-16.5	0.0231719	2000
76.5	-15.5	0.0182955	3500
76.5	-14.5	0.0160927	4022.4
76.5	-13.5	0.0144893	5728.22
76.5	-12.5	0.0135708	5858.62
76.5	-11.5	0.0124499	6399.89
76.5	-10.5	0.0120452	7518.25
76.5	-9.5	0.0111462	7690.93
76.5	-8.5	0.0111112	9039.46
76.5	-7.5	0.0105702	9218.25
76.5	-6.5	0.0105858	10536.2
76.5	-5.5	0.0098969	10917
76.5	-4.5	0.00968285	12026.6
76.5	-3.5	0.00922751	12843.6
76.5	-2.5	0.00892784	15292.7
76.5	-1.5	0.00889281	23500
76.5	-0.5	0.00840633	25500
76.5	0.5	0.0084219	23000
76.5	1.5	0.0079471	11198.9
76.5	2.5	0.00801715	12111.4
76.5	3.5	0.00789261	12410.2
76.5	4.5	0.00726603	12908.4
76.5	5.5	0.00748397	13101
76.5	6.5	0.00712982	12882.6
76.5	7.5	0.00688852	13189.5
76.5	8.5	0.00672118	12784.5
76.5	9.5	0.00628918	12935.3
76.5	10.5	0.00588443	12926.4
76.5	11.5	0.00592724	12595.1
76.5	12.5	0.0058533	12832.4
76.5	13.5	0.00573654	12392.2
76.5	14.5	0.00555363	12510.2
76.5	15.5	0.00539017	12487.5
76.5	16.5	0.00535904	12144.9
76.5	17.5	0.00522672	12372.6
76.5	18.5	0.00516056	11936.6
76.5	19.5	0.00510218	12042.8
76.5	20.5	0.00483753	12024.7
76.5	21.5	0.00476359	11677.4
76.5	22.5	0.00477137	11903.2
76.5	23.5	0.00427322	11474.1
76.5	24.5	0.00419538	11572
76.5	25.5	0.00403971	11559.3
76.5	26.5	0.00421095	11211.3
76.5	27.5	0.00393463	11436
76.5	28.5	0.00363496	11017
76.5	29.5	0.00371669	11109.5
76.5	30.5	0.00379842	11107.6
76.5	31.5	0.00368555	10765
76.5	32.5	0.00358826	10997.9
76.5	33.5	0.00344815	10604.4
76.5	34.5	0.00346761	10712.3
76.5	35.5	0.00319519	10749
76.5	36.5	0.00326913	10448.6
76.5	37.5	0.00324189	10737.4
76.5	38.5	0.00315238	10418.5
76.5	39.5	0.00279044	10599.5
76.5	40.5	0.00288384	10722.2
76.5	41.5	0.0028566	10504.2
76.5	42.5	0.00273595	10870.3
76.5	43.5	0.00283714	10618.7
76.5	44.5	0.00279044	10861.3
76.5	45.5	0.00252968	11028.3
76.5	46.5	0.00268925	10852.7
76.5	47.5	0.00265811	11254.9
76.5	48.5	0.00241293	11023.8
76.5	49.5	0.00289162	11300
76.5	50.5	0.00249855	11485.2
76.5	51.5	0.00229228	11334.4
76.5	52.5	0.00246352	11762
76.5	53.5	0.00254136	11544.6
76.5	54.5	0.00235066	11855.4
76.5	55.5	0.00222223	12060
76.5	56.5	0.00228839	11938.8
76.5	57.5	0.00211326	12396.9
76.5	58.5	0.00217164	12199.1
76.5	59.5	0.00205488	12554.6
76.5	60.5	0.00222612	12786
76.5	61.5	0.00186418	12705.4
76.5	62.5	0.0020471	13209.1
76.5	63.5	0.0019498	13038.3
76.5	64.5	0.00219888	13456.8
76.5	65.5	0.00199261	13727.1
76.5	66.5	0.00197705	13705.9
76.5	67.5	0.00211326	14272.2
76.5	68.5	0.0018564	14140.2
76.5	69.5	0.00179802	14637.1
76.5	70.5	0.00215607	14936.2
76.5	71.5	0.0019031	14921.6
76.5	72.5	0.00188753	15397.4
76.5	73.5	0.00199261	15006.2
76.5	74.5	0.00207823	15159.5
76.5	75.5	0.00205488	15026
76.5	76.5	0.00188753	14599.2
76.5	77.5	0.00202375	14730.1
76.5	78.5	0.0020938	14136.6
76.5	79.5	0.00211326	14174.9
76.5	80.5	0.00207434	14013.6
76.5	81.5	0.00216385	13564.8
76.5	82.5	0.00218331	13684.1
76.5	83.5	0.00226504	13104.5
76.5	84.5	0.00228839	13125.6
76.5	85.5	0.00238569	12975.6
76.5	86.5	0.00245185	12522.9
76.5	87.5	0.00247909	12635.6
76.5	88.5	0.00247909	12076
76.5	89.5	0.00268925	12074.8
76.5	90.5	0.00269703	11936.8
76.5	91.5	0.00278654	11478.4
76.5	92.5	0.00279822	11587.8
76.5	93.5	0.00313292	11044.4
76.5	94.5	0.00313292	11025.7
76.5	95.5	0.00334307	10897
76.5	96.5	0.00314459	10435.1
76.5	97.5	0.00360772	10539.7
76.5	98.5	0.00366999	10015
76.5	99.5	0.00394242	9974.68
76.5	100.5	0.00401247	9860.52
76.5	101.5	0.00421873	9390.87
76.5	102.5	0.00454954	9490.56
76.5	103.5	0.00467408	8979.22
76.5	104.5	0.00465073	8925.24
76.5	105.5	0.00496596	8817.91
76.5	106.5	0.00524618	8351.01
76.5	107.5	0.00560033	8444.58
76.5	108.5	0.00566649	7953.68
76.5	109.5	0.00626583	7877.55
76.5	110.5	0.00616854	7797.23
76.5	111.5	0.00654994	7301.17
76.5	112.5	0.00735554	7401.79
76.5	113.5	0.00739446	6943.49
76.5	114.5	0.00801715	6820.54
76.5	115.5	0.00797045	6750.01
76.5	116.5	0.00865541	6271.49
76.5	117.5	0.00909129	6340.71
76.5	118.5	0.00967118	5904.62
76.5	119.5	0.0101382	5777.13
76.5	120.5	0.0106714	5698.38
76.5	121.5	0.0113991	5209.07
76.5	122.5	0.0119129	5283.15
76.5	123.5	0.0125745	4867.24
76.5	124.5	0.0133801	4724.87
76.5	125.5	0.0144737	4650.6
76.5	126.5	0.0143375	4187.34
76.5	127.5	0.0153182	4271.12
76.5	128.5	0.0165363	3898.25
76.5	129.5	0.0173225	3694.08
76.5	130.5	0.0187158	3656.52
76.5	131.5	0.0202336	3153.79
76.5	132.5	0.0206305	3184.61
76.5	133.5	0.0222885	2762.85
76.5	134.5	0.0242344	2640.76
76.5	135.5	0.0255537	2622.1
76.5	136.5	0.0265111	2128.64
76.5	137.5	0.029644	2172.71
76.5	138.5	0.0344504	1874.05
76.5	139.5	0.00651089	1436.60
76.5	140.5	0.0046554	1882.42
76.5	141.5	0.00100798	1163.06
76.5	142.5	0.00524228	1171.38
76.5	143.5	0.00516445	1068.62
76.5	144.5	0.00550304	916.652
76.5	145.5	0.00553417	1056.73
76.5	146.5	0.000517612	112.547
77.5	-27.5	0.00179403	2000
77.5	-26.5	0.00281205	2000
77.5	-25.5	0.00276596	2000
77.5	-24.5	0.00328457	2000
77.5	-23.5	0.00310017	2000
77.5	-22.5	0.00325768	2000
77.5	-21.5	0.00312322	2000
77.5	-20.5	0.00187854	2000
77.5	-19.5	0.0025337	2000
77.5	-18.5	0.0025386	2000
77.5	-17.5	0.014456	2000
77.5	-16.5	0.02144	2000
77.5	-15.5	0.0168608	2768.68
77.5	-14.5	0.0155393	3345.59
77.5	-13.5	0.0137798	4067.37
77.5	-12.5	0.0132766	4774.76
77.5	-11.5	0.0130307	5513.08
77.5	-10.5	0.0116324	6332.89
77.5	-9.5	0.0114096	7113.5
77.5	-8.5	0.0106643	7981.08
77.5	-7.5	0.0106912	8813
77.5	-6.5	0.0101303	9738.94
77.5	-5.5	0.00979225	10682.7
77.5	-4.5	0.00984987	11815.3
77.5	-3.5	0.00926595	13366.4
77.5	-2.5	0.00927363	16192.4
77.5	-1.5	0.0088088	21605
77.5	-0.5	0.00878959	25426.1
77.5	0.5	0.00835165	19621.9
77.5	1.5	0.00802895	14665.4
77.5	2.5	0.0079867	13278.2
77.5	3.5	0.00736436	12991.6
77.5	4.5	0.00736051	12973.2
77.5	5.5	0.00705319	12962.9
77.5	6.5	0.00719533	12913.2
77.5	7.5	0.00662677	12893
77.5	8.5	0.00653841	12801.8
77.5	9.5	0.00651152	12744.4
77.5	10.5	0.0063156	12667.9
77.5	11.5	0.00635401	12563.8
77.5	12.5	0.00591607	12505.8
77.5	13.5	0.00581619	12388.9
77.5	14.5	0.00543971	12314
77.5	15.5	0.00528221	12226.4
77.5	16.5	0.00499409	12115
77.5	17.5	0.00537825	12051.3
77.5	18.5	0.00503634	11932.6
77.5	19.5	0.00474054	11854.6
77.5	20.5	0.00439095	11765.7
77.5	21.5	0.00462529	11653.4
77.5	22.5	0.00431796	11589.1
77.5	23.5	0.00445242	11470.6
77.5	24.5	0.00412588	11392.4
77.5	25.5	0.00407594	11304.1
77.5	26.5	0.00426418	11192.8
77.5	27.5	0.00412204	11129.2
77.5	28.5	0.00379935	11012.9
77.5	29.5	0.00383392	10936.5
77.5	30.5	0.00402984	10852.9
77.5	31.5	0.00369947	10747.7
77.5	32.5	0.00352659	10693.1
77.5	33.5	0.00344592	10592.1
77.5	34.5	0.00345744	10536.2
77.5	35.5	0.00331146	10484.5
77.5	36.5	0.00321542	10421.5
77.5	37.5	0.00322695	10425.7
77.5	38.5	0.00308097	10397.2
77.5	39.5	0.00316548	10424.5
77.5	40.5	0.00317701	10462.7
77.5	41.5	0.00305408	10488.8
77.5	42.5	0.00311554	10573.7
77.5	43.5	0.00276596	10615
77.5	44.5	0.00266607	10699.3
77.5	45.5	0.00271601	10782.3
77.5	46.5	0.00258156	10844.3
77.5	47.5	0.00259308	10958.9
77.5	48.5	0.00272754	11025
77.5	49.5	0.00244326	11132.9
77.5	50.5	0.00245479	11237.4
77.5	51.5	0.00252009	11321.1
77.5	52.5	0.00241253	11457.6
77.5	53.5	0.00237795	11545.6
77.5	54.5	0.00230112	11677.9
77.5	55.5	0.0022435	11806.3
77.5	56.5	0.00223197	11915.9
77.5	57.5	0.0022896	12081
77.5	58.5	0.00212057	12198.2
77.5	59.5	0.00208599	12362.9
77.5	60.5	0.00217051	12524.3
77.5	61.5	0.00209752	12671.4
77.5	62.5	0.00220124	12876.1
77.5	63.5	0.00204758	13034.2
77.5	64.5	0.00204758	13246.3
77.5	65.5	0.00203989	13456.1
77.5	66.5	0.00198227	13656.8
77.5	67.5	0.0018286	13919.8
77.5	68.5	0.00203989	14140.1
77.5	69.5	0.0019669	14422.5
77.5	70.5	0.00195154	14706.6
77.5	71.5	0.00188623	14977.2
77.5	72.5	0.00190928	15218.4
77.5	73.5	0.00199379	15152.5
77.5	74.5	0.00202068	14983.2
77.5	75.5	0.00194385	14771.2
77.5	76.5	0.00203605	14543.2
77.5	77.5	0.00197074	14365.5
77.5	78.5	0.00190544	14128.9
77.5	79.5	0.00198995	13941.5
77.5	80.5	0.00202837	13736
77.5	81.5	0.00219356	13510.9
77.5	82.5	0.00238564	13335
77.5	83.5	0.00217051	13100.2
77.5	84.5	0.0022627	12910.7
77.5	85.5	0.00232033	12707.9
77.5	86.5	0.00246247	12481.5
77.5	87.5	0.00220892	12306.8
77.5	88.5	0.00232033	12071.2
77.5	89.5	0.00247015	11882
77.5	90.5	0.00261613	11678.1
77.5	91.5	0.00277364	11453
77.5	92.5	0.00270065	11276.6
77.5	93.5	0.00305792	11042.6
77.5	94.5	0.00311938	10850.8
77.5	95.5	0.00323847	10651.8
77.5	96.5	0.00348049	10427.6
77.5	97.5	0.00348049	10239.6
77.5	98.5	0.00379551	10017.1
77.5	99.5	0.00387234	9821.19
77.5	100.5	0.00391844	9618.18
77.5	101.5	0.00441016	9394.48
77.5	102.5	0.00443321	9215.96
77.5	103.5	0.00431028	8985.6
77.5	104.5	0.00481353	8791.99
77.5	105.5	0.00491725	8594.03
77.5	106.5	0.00523611	8365.08
77.5	107.5	0.0056049	8187.43
77.5	108.5	0.00585845	7953.71
77.5	109.5	0.00640011	7756.47
77.5	110.5	0.00643085	7559.72
77.5	111.5	0.00671128	7333.41
77.5	112.5	0.00707239	7157.93
77.5	113.5	0.00764095	6929.48
77.5	114.5	0.00782151	6721.3
77.5	115.5	0.00817109	6532.25
77.5	116.5	0.00900856	6306.77
77.5	117.5	0.00940041	6121.83
77.5	118.5	0.00954639	5896.26
77.5	119.5	0.0100112	5696.94
77.5	120.5	0.0104722	5502.72
77.5	121.5	0.0109524	5275.8
77.5	122.5	0.0114518	5091.23
77.5	123.5	0.0123392	4876.07
77.5	124.5	0.012854	4679.3
77.5	125.5	0.0145251	4475.97
77.5	126.5	0.0147479	4263.25
77.5	127.5	0.0157813	4066.61
77.5	128.5	0.0165304	3854.17
77.5	129.5	0.0171297	3636.7
77.5	130.5	0.0184512	3452.95
77.5	131.5	0.019742	3224.62
77.5	132.5	0.0208676	3034.88
77.5	133.5	0.022677	2827.44
77.5	134.5	0.0238141	2620.1
77.5	135.5	0.0248437	2422.33
77.5	136.5	0.0268221	2202.51
77.5	137.5	0.0291002	2013.82
77.5	138.5	0.0328457	1809.04
77.5	139.5	0.00582118	1498.05
77.5	140.5	0.00397942	1617.9
77.5	141.5	0.00117169	1197.35
77.5	142.5	0.00499409	1014.57
77.5	143.5	0.00540514	819.716
77.5	144.5	0.00507092	595.989
77.5	145.5	0.00512086	315.294
77.5	146.5	0.000557033	119.986
78.5	-27.5	7.9646e-05	2000
78.5	-26.5	0.0021732	2000
78.5	-25.5	0.00296966	2000
78.5	-24.5	0.0031024	2000
78.5	-23.5	0.00324273	2000
78.5	-22.5	0.00339823	2000
78.5	-21.5	0.00341719	2000
78.5	-20.5	0.003622	2000
78.5	-19.5	0.00319722	2000
78.5	-18.5	0.00345891	2000
78.5	-17.5	0.00748293	2000
78.5	-16.5	0.0140632	2000
78.5	-15.5	0.014488	1521.14
78.5	-14.5	0.014086	2370.15
78.5	-13.5	0.0127623	3151.9
78.5	-12.5	0.0131568	3931.27
78.5	-11.5	0.0123186	4730.32
78.5	-10.5	0.0119166	5563.37
78.5	-9.5	0.0112566	6420.71
78.5	-8.5	0.0107446	7310.88
78.5	-7.5	0.0106612	8230.62
78.5	-6.5	0.0108015	9201.49
78.5	-5.5	0.0100733	10251.4
78.5	-4.5	0.00963337	11460.7
78.5	-3.5	0.00939444	12973.7
78.5	-2.5	0.00918584	14987.4
78.5	-1.5	0.00871934	17272.4
78.5	-0.5	0.00847661	18304.2
78.5	0.5	0.00810114	16984.7
78.5	1.5	0.00818078	15039.6
78.5	2.5	0.00784323	13854.1
78.5	3.5	0.00730847	13313.7
78.5	4.5	0.00747914	13073.7
78.5	5.5	0.00705815	12943.3
78.5	6.5	0.00701643	12847.9
78.5	7.5	0.00670543	12765.7
78.5	8.5	0.00673957	12680.2
78.5	9.5	0.00661441	12596.7
78.5	10.5	0.00628824	12510.7
78.5	11.5	0.00606447	12421
78.5	12.5	0.00595449	12334.1
78.5	13.5	0.00570796	12242.4
78.5	14.5	0.00534387	12153.2
78.5	15.5	0.00538559	12062.6
78.5	16.5	0.00519595	11969.9
78.5	17.5	0.00518078	11881.2
78.5	18.5	0.00499873	11787.8
78.5	19.5	0.00505183	11697.4
78.5	20.5	0.00487737	11606.5
78.5	21.5	0.00447535	11513.4
78.5	22.5	0.00435398	11424.4
78.5	23.5	0.00421745	11330.9
78.5	24.5	0.00435019	11240.5
78.5	25.5	0.00426296	11149.8
78.5	26.5	0.00386852	11057.1
78.5	27.5	0.00389507	10968.5
78.5	28.5	0.00383059	10876.4
78.5	29.5	0.00383439	10787.3
78.5	30.5	0.00365613	10698.6
78.5	31.5	0.00365234	10609.9
78.5	32.5	0.00330721	10527.5
78.5	33.5	0.00356511	10444.8
78.5	34.5	0.00328824	10371.5
78.5	35.5	0.00345891	10308.2
78.5	36.5	0.00334134	10259.1
78.5	37.5	0.00317446	10234.8
78.5	38.5	0.00297345	10231
78.5	39.5	0.00297724	10253.4
78.5	40.5	0.00290518	10293.9
78.5	41.5	0.00304172	10345.9
78.5	42.5	0.00287484	10410.6
78.5	43.5	0.0027952	10478.5
78.5	44.5	0.00273831	10554.3
78.5	45.5	0.00272693	10634
78.5	46.5	0.00272693	10714.9
78.5	47.5	0.00254109	10804.1
78.5	48.5	0.00281416	10892.3
78.5	49.5	0.00256384	10987.9
78.5	50.5	0.002378	11086.5
78.5	51.5	0.00245006	11187.5
78.5	52.5	0.00226422	11296.8
78.5	53.5	0.00233628	11406.6
78.5	54.5	0.00235145	11524.6
78.5	55.5	0.00231732	11647.4
78.5	56.5	0.00227939	11773.8
78.5	57.5	0.00216941	11910.3
78.5	58.5	0.0022225	12049.1
78.5	59.5	0.00223009	12198.3
78.5	60.5	0.00229836	12354.1
78.5	61.5	0.00208976	12516.6
78.5	62.5	0.00215803	12691.5
78.5	63.5	0.00191909	12871.6
78.5	64.5	0.00195702	13065.6
78.5	65.5	0.00198736	13270.2
78.5	66.5	0.00187737	13485.5
78.5	67.5	0.00223009	13719.6
78.5	68.5	0.00199115	13967
78.5	69.5	0.00194564	14242.1
78.5	70.5	0.00197598	14558
78.5	71.5	0.00200632	14965.1
78.5	72.5	0.00207838	15578.7
78.5	73.5	0.00208597	15247.7
78.5	74.5	0.00203287	14867.8
78.5	75.5	0.00207459	14604.6
78.5	76.5	0.00190013	14377.5
78.5	77.5	0.0019153	14169.7
78.5	78.5	0.00208597	13960
78.5	79.5	0.00204425	13758.8
78.5	80.5	0.00195702	13553.2
78.5	81.5	0.00198356	13347.5
78.5	82.5	0.00215044	13147.8
78.5	83.5	0.00216182	12941.1
78.5	84.5	0.00221112	12740.2
78.5	85.5	0.00224147	12536.9
78.5	86.5	0.0023287	12332
78.5	87.5	0.00238559	12129.8
78.5	88.5	0.00251833	11922.7
78.5	89.5	0.00251075	11722.5
78.5	90.5	0.00234387	11521.9
78.5	91.5	0.00229836	11314.2
78.5	92.5	0.00229836	11112.6
78.5	93.5	0.00204425	10909.1
78.5	94.5	0.00224147	10708
78.5	95.5	0.0023249	10502.9
78.5	96.5	0.00247661	10298.5
78.5	97.5	0.00243868	10095.9
78.5	98.5	0.00259418	9888.83
78.5	99.5	0.00256384	9687.25
78.5	100.5	0.00284829	9489.97
78.5	101.5	0.00308723	9281.94
78.5	102.5	0.00309861	9086.9
78.5	103.5	0.00316308	8877.33
78.5	104.5	0.00330721	8674.82
78.5	105.5	0.00358028	8473.67
78.5	106.5	0.00351201	8268.38
78.5	107.5	0.00383059	8062.72
78.5	108.5	0.00414159	7863.43
78.5	109.5	0.00441087	7651.11
78.5	110.5	0.00449052	7456.66
78.5	111.5	0.00487358	7261.55
78.5	112.5	0.00510114	7054.3
78.5	113.5	0.00520354	6849.36
78.5	114.5	0.00538938	6643.45
78.5	115.5	0.00569279	6447.44
78.5	116.5	0.00592035	6236.54
78.5	117.5	0.00669406	6034.9
78.5	118.5	0.00698609	5829.05
78.5	119.5	0.00713021	5630.08
78.5	120.5	0.00736915	5434.15
78.5	121.5	0.00755878	5221.18
78.5	122.5	0.00820733	5019.96
78.5	123.5	0.00834766	4819.21
78.5	124.5	0.00914412	4621.16
78.5	125.5	0.00959545	4409.13
78.5	126.5	0.0100847	4212.53
78.5	127.5	0.0108394	4006.73
78.5	128.5	0.0116094	3796.94
78.5	129.5	0.01211	3596.32
78.5	130.5	0.0124096	3395.57
78.5	131.5	0.0139115	3187.37
78.5	132.5	0.0143856	3003.79
78.5	133.5	0.0152465	2781.65
78.5	134.5	0.016555	2577.66
78.5	135.5	0.0178028	2379.85
78.5	136.5	0.0184893	2173.63
78.5	137.5	0.0195664	1970.76
78.5	138.5	0.0154513	1763.49
78.5	139.5	0.00513148	1559.49
78.5	140.5	0.00330341	1353.38
78.5	141.5	0.00312516	1137.4
78.5	142.5	0.00410367	935.586
78.5	143.5	0.00369026	702.943
78.5	144.5	0.0036713	448.335
78.5	145.5	0.00370164	223.353
78.5	146.5	0.000318584	94.8345
79.5	-26.5	7.86442e-05	2000
79.5	-25.5	0.00203726	2000
79.5	-24.5	0.00329557	2000
79.5	-23.5	0.00344536	2000
79.5	-22.5	0.0035315	2000
79.5	-21.5	0.00403332	2000
79.5	-20.5	0.00429172	2000
79.5	-19.5	0.00467746	2000
79.5	-18.5	0.00549386	2000
79.5	-17.5	0.00757231	2000
79.5	-16.5	0.0105795	2000
79.5	-15.5	0.0122797	1184.53
79.5	-14.5	0.0125494	1649.92
79.5	-13.5	0.0122123	2198.37
79.5	-12.5	0.0120438	2741.53
79.5	-11.5	0.0118977	3308.94
79.5	-10.5	0.0116506	3939.63
79.5	-9.5	0.0113734	4554.16
79.5	-8.5	0.0106357	5194.3
79.5	-7.5	0.0106994	5899.05
79.5	-6.5	0.0101938	6583.41
79.5	-5.5	0.0100253	7339.55
79.5	-4.5	0.00922758	8066.59
79.5	-3.5	0.00953092	8827.51
79.5	-2.5	0.00896169	9683.72
79.5	-1.5	0.00898041	10545.1
79.5	-0.5	0.00853851	11537.9
79.5	0.5	0.00805915	12556.6
79.5	1.5	0.00801796	13626.4
79.5	2.5	0.0076884	14690.1
79.5	3.5	0.00754984	15388.7
79.5	4.5	0.00738881	15582.1
79.5	5.5	0.00699933	15264.2
79.5	6.5	0.00697686	14700.8
79.5	7.5	0.00695065	14098.4
79.5	8.5	0.00660985	13656.7
79.5	9.5	0.00619791	13342.9
79.5	10.5	0.00626532	13113.4
79.5	11.5	0.00592453	12961.7
79.5	12.5	0.00583465	12838.9
79.5	13.5	0.00589831	12743.9
79.5	14.5	0.00532908	12660.9
79.5	15.5	0.00544517	12578.8
79.5	16.5	0.00519426	12505.6
79.5	17.5	0.00518677	12430.3
79.5	18.5	0.00469244	12360.5
79.5	19.5	0.00516805	12291.2
79.5	20.5	0.00484223	12218.5
79.5	21.5	0.00471116	12149.5
79.5	22.5	0.00436288	12081.7
79.5	23.5	0.00425427	12009.1
79.5	24.5	0.00447148	11941.4
79.5	25.5	0.00422806	11868.7
79.5	26.5	0.00424304	11800.9
79.5	27.5	0.0040483	11733.3
79.5	28.5	0.0039397	11660.9
79.5	29.5	0.00378615	11592.7
79.5	30.5	0.00371126	11520.6
79.5	31.5	0.0034566	11452.5
79.5	32.5	0.00355397	11384.7
79.5	33.5	0.00349779	11312.6
79.5	34.5	0.00352401	11244.7
79.5	35.5	0.00339293	11176.8
79.5	36.5	0.00316075	11104.5
79.5	37.5	0.00299971	11036.6
79.5	38.5	0.00308959	10964.4
79.5	39.5	0.00292481	10896.9
79.5	40.5	0.00290983	10829.1
79.5	41.5	0.00287238	10756.5
79.5	42.5	0.00283119	10688.3
79.5	43.5	0.00271884	10616.6
79.5	44.5	0.00292481	10548.8
79.5	45.5	0.00276378	10481.2
79.5	46.5	0.00258777	10409.7
79.5	47.5	0.00266641	10343
79.5	48.5	0.00248291	10277.7
79.5	49.5	0.00260275	10210.4
79.5	50.5	0.00252036	10151.8
79.5	51.5	0.00241175	10097.3
79.5	52.5	0.0023069	10058.5
79.5	53.5	0.00232562	10036.1
79.5	54.5	0.00220578	10033.3
79.5	55.5	0.00221702	10049.7
79.5	56.5	0.00214961	10080.9
79.5	57.5	0.00212714	10125.1
79.5	58.5	0.00215335	10172.8
79.5	59.5	0.00199232	10228.8
79.5	60.5	0.00208969	10283.8
79.5	61.5	0.00203351	10340.5
79.5	62.5	0.00207471	10403
79.5	63.5	0.00190244	10463.2
79.5	64.5	0.00185001	10528.9
79.5	65.5	0.00202977	10592.3
79.5	66.5	0.00196985	10657.7
79.5	67.5	0.00190244	10728.9
79.5	68.5	0.0018912	10797.9
79.5	69.5	0.00194363	10869
79.5	70.5	0.00207845	10947.1
79.5	71.5	0.00205598	11022.4
79.5	72.5	0.00191367	11105.8
79.5	73.5	0.00192865	11186.7
79.5	74.5	0.00198108	11269.8
79.5	75.5	0.0018238	11361.9
79.5	76.5	0.00184252	11451.2
79.5	77.5	0.00173017	11549.5
79.5	78.5	0.00164029	11645.5
79.5	79.5	0.00141185	11744.8
79.5	80.5	0.00131448	11854.6
79.5	81.5	0.00121337	11961.2
79.5	82.5	0.00118341	12072.5
79.5	83.5	0.000827636	12195.4
79.5	84.5	0.000805166	12315.1
79.5	85.5	0.000651623	12448.7
79.5	86.5	0.00050557	12579
79.5	87.5	0.000303342	12714.6
79.5	88.5	0.000168523	12865.9
79.5	89.5	1.87248e-05	13014
80.5	-25.5	3.69844e-05	2000
80.5	-24.5	0.00183443	2000
80.5	-23.5	0.00340996	2000
80.5	-22.5	0.00377241	2000
80.5	-21.5	0.00417924	2000
80.5	-20.5	0.00457867	2000
80.5	-19.5	0.00561793	2000
80.5	-18.5	0.00626885	2000
80.5	-17.5	0.00724524	2000
80.5	-16.5	0.0087764	2000
80.5	-15.5	0.0103815	1091.29
80.5	-14.5	0.0115021	1461.49
80.5	-13.5	0.0117499	1921.99
80.5	-12.5	0.0118202	2404.22
80.5	-11.5	0.0119571	2924.18
80.5	-10.5	0.011258	3523.85
80.5	-9.5	0.0109141	4123.09
80.5	-8.5	0.0107033	4755.63
80.5	-7.5	0.0104629	5462.13
80.5	-6.5	0.0105479	6153.3
80.5	-5.5	0.00981566	6917.01
80.5	-4.5	0.00997099	7655.76
80.5	-3.5	0.00958266	8418.15
80.5	-2.5	0.00934596	9263.47
80.5	-1.5	0.00888365	10084
80.5	-0.5	0.00870613	10986.8
80.5	0.5	0.008536	11845.2
80.5	1.5	0.0080478	12671
80.5	2.5	0.00755221	13440.2
80.5	3.5	0.00751523	13961.7
80.5	4.5	0.00744126	14231.1
80.5	5.5	0.0075707	14222.8
80.5	6.5	0.00697526	14034.2
80.5	7.5	0.00659802	13750
80.5	8.5	0.00655363	13482.1
80.5	9.5	0.00637981	13247.2
80.5	10.5	0.00619858	13041.9
80.5	11.5	0.00598777	12886.7
80.5	12.5	0.00619119	12750.6
80.5	13.5	0.00605434	12642.2
80.5	14.5	0.00546259	12546.7
80.5	15.5	0.00550698	12454.2
80.5	16.5	0.00525548	12373.5
80.5	17.5	0.0052185	12291.9
80.5	18.5	0.00501508	12218.5
80.5	19.5	0.00487824	12146.7
80.5	20.5	0.00467853	12071.6
80.5	21.5	0.00458237	12002.3
80.5	22.5	0.00438265	11933.5
80.5	23.5	0.00405719	11860.6
80.5	24.5	0.00440484	11792.8
80.5	25.5	0.0040276	11720.7
80.5	26.5	0.00410527	11653.4
80.5	27.5	0.00417184	11585.6
80.5	28.5	0.00381309	11513.9
80.5	29.5	0.00388706	11447
80.5	30.5	0.00367995	11375.3
80.5	31.5	0.00361707	11308.1
80.5	32.5	0.00365776	11241.1
80.5	33.5	0.0035616	11169.7
80.5	34.5	0.00335079	11102.6
80.5	35.5	0.0033138	11035.6
80.5	36.5	0.00301793	10963.9
80.5	37.5	0.00306601	10896.9
80.5	38.5	0.00304751	10824.8
80.5	39.5	0.00312518	10757.3
80.5	40.5	0.00298464	10689.9
80.5	41.5	0.00289588	10617.5
80.5	42.5	0.00295875	10549.5
80.5	43.5	0.00291807	10476.4
80.5	44.5	0.00276273	10407.5
80.5	45.5	0.0025963	10337.7
80.5	46.5	0.00265918	10262.4
80.5	47.5	0.00263699	10190.7
80.5	48.5	0.00265918	10118.4
80.5	49.5	0.00265548	10040
80.5	50.5	0.0023781	9967.22
80.5	51.5	0.00245207	9894.96
80.5	52.5	0.00227454	9839.24
80.5	53.5	0.00249275	9807.18
80.5	54.5	0.00233002	9807.56
80.5	55.5	0.00222276	9838.07
80.5	56.5	0.00207852	9886.74
80.5	57.5	0.00211551	9948.19
80.5	58.5	0.00214509	10008.7
80.5	59.5	0.00217098	10073.8
80.5	60.5	0.0021377	10135
80.5	61.5	0.00191209	10195.9
80.5	62.5	0.00196387	10261.1
80.5	63.5	0.00168279	10322.7
80.5	64.5	0.00144609	10389.3
80.5	65.5	0.00134993	10452.8
80.5	66.5	0.00115391	10517.8
80.5	67.5	0.00109474	10588.6
80.5	68.5	0.00099488	10656.8
80.5	69.5	0.000795164	10726.8
80.5	70.5	0.000613941	10803.8
80.5	71.5	0.000466003	10878.2
80.5	72.5	0.00040313	10960
80.5	73.5	0.000255192	11039
80.5	74.5	9.2461e-05	11120.9
81.5	-23.5	0.000869428	2000
81.5	-22.5	0.0032293	2000
81.5	-21.5	0.00450422	2000
81.5	-20.5	0.0047161	2000
81.5	-19.5	0.00550516	2000
81.5	-18.5	0.00628692	2000
81.5	-17.5	0.00738649	2000
81.5	-16.5	0.00861026	2000
81.5	-15.5	0.00989979	1057.11
81.5	-14.5	0.0108861	1375.26
81.5	-13.5	0.0114085	1775.34
81.5	-12.5	0.011646	2199.81
81.5	-11.5	0.0115729	2679.73
81.5	-10.5	0.0118213	3243.37
81.5	-9.5	0.0113245	3813.09
81.5	-8.5	0.0108679	4439.73
81.5	-7.5	0.0102614	5144.96
81.5	-6.5	0.0105427	5836.02
81.5	-5.5	0.0100423	6600.01
81.5	-4.5	0.00951987	7338.52
81.5	-3.5	0.00913265	8096.72
81.5	-2.5	0.00862853	8920.11
81.5	-1.5	0.00850798	9708.27
81.5	-0.5	0.00826687	10545.1
81.5	0.5	0.00782485	11308.1
81.5	1.5	0.00759106	12018.8
81.5	2.5	0.00736457	12668.8
81.5	3.5	0.0072842	13130.2
81.5	4.5	0.00710885	13437
81.5	5.5	0.00709424	13548.5
81.5	6.5	0.0066303	13525.5
81.5	7.5	0.00675085	13404.2
81.5	8.5	0.00625038	13248.1
81.5	9.5	0.00608965	13081.7
81.5	10.5	0.00610061	12913.2
81.5	11.5	0.00574992	12771
81.5	12.5	0.00580106	12635.6
81.5	13.5	0.00570973	12523.6
81.5	14.5	0.00549055	12422.3
81.5	15.5	0.0053773	12324.6
81.5	16.5	0.00492798	12238.7
81.5	17.5	0.00487683	12153.4
81.5	18.5	0.00497181	12077.6
81.5	19.5	0.00482569	12003.8
81.5	20.5	0.00475994	11927.3
81.5	21.5	0.00470879	11857.6
81.5	22.5	0.00446039	11788.5
81.5	23.5	0.00446769	11715.7
81.5	24.5	0.00442385	11648.2
81.5	25.5	0.004117	11576.7
81.5	26.5	0.00393434	11509.3
81.5	27.5	0.00391243	11443
81.5	28.5	0.0039453	11371.9
81.5	29.5	0.00370055	11305.3
81.5	30.5	0.00370055	11234.6
81.5	31.5	0.00352155	11167.9
81.5	32.5	0.00360557	11101.8
81.5	33.5	0.00343022	11030.9
81.5	34.5	0.0035252	10964.7
81.5	35.5	0.00349598	10898.1
81.5	36.5	0.00308318	10827.1
81.5	37.5	0.00315259	10760.8
81.5	38.5	0.00332063	10689.6
81.5	39.5	0.00296628	10622.6
81.5	40.5	0.00287496	10555.5
81.5	41.5	0.00299186	10483.5
81.5	42.5	0.00272884	10415.1
81.5	43.5	0.00282747	10341.6
81.5	44.5	0.00273979	10271.3
81.5	45.5	0.00263386	10200
81.5	46.5	0.00266673	10121.5
81.5	47.5	0.00245486	10045
81.5	48.5	0.00222106	9964.69
81.5	49.5	0.0018521	9873.71
81.5	50.5	0.00162196	9782.04
81.5	51.5	0.00166214	9678.42
81.5	52.5	0.00141373	9584.3
81.5	53.5	0.00122377	9522.65
81.5	54.5	0.00111418	9533.14
81.5	55.5	0.000854816	9601.08
81.5	56.5	0.00080002	9685.04
81.5	57.5	0.000544306	9772.42
81.5	58.5	0.000332428	9848.42
81.5	59.5	0.000266673	9923.81
81.5	60.5	5.47959e-05	9990.69
82.5	-22.5	7.21756e-06	2000
82.5	-21.5	0.00109346	2000
82.5	-20.5	0.00274267	2000
82.5	-19.5	0.00428362	2000
82.5	-18.5	0.00554309	2000
82.5	-17.5	0.00632619	2000
82.5	-16.5	0.00740883	2000
82.5	-15.5	0.0087946	1057.13
82.5	-14.5	0.0097401	1346.08
82.5	-13.5	0.0100721	1701.81
82.5	-12.5	0.00979423	2085.97
82.5	-11.5	0.0104979	2520.24
82.5	-10.5	0.00981227	3045.9
82.5	-9.5	0.00996023	3606.11
82.5	-8.5	0.00959935	4231.09
82.5	-7.5	0.0100396	4941.79
82.5	-6.5	0.00924569	5631.98
82.5	-5.5	0.00900751	6393.32
82.5	-4.5	0.00856003	7124.59
82.5	-3.5	0.00823524	7876.55
82.5	-2.5	0.00812697	8684.1
82.5	-1.5	0.00749183	9446.22
82.5	-0.5	0.007481	10245.7
82.5	0.5	0.00716343	10961.6
82.5	1.5	0.00703351	11621
82.5	2.5	0.0064525	12220.9
82.5	3.5	0.00639476	12662.4
82.5	4.5	0.00608801	12981.2
82.5	5.5	0.00583179	13140.9
82.5	6.5	0.00597253	13183.9
82.5	7.5	0.00599418	13135.6
82.5	8.5	0.00559722	13034.3
82.5	9.5	0.00540234	12907.3
82.5	10.5	0.00512086	12764
82.5	11.5	0.00523273	12631.7
82.5	12.5	0.0048502	12500.8
82.5	13.5	0.00500538	12389.3
82.5	14.5	0.00473833	12286.8
82.5	15.5	0.00457954	12186.5
82.5	16.5	0.0046048	12099.5
82.5	17.5	0.00434136	12013
82.5	18.5	0.0042764	11936.3
82.5	19.5	0.00415731	11861.9
82.5	20.5	0.00400214	11785.4
82.5	21.5	0.00401657	11715.5
82.5	22.5	0.00409957	11646.7
82.5	23.5	0.00386861	11574.1
82.5	24.5	0.00400575	11507.2
82.5	25.5	0.003782	11436.3
82.5	26.5	0.00359795	11369.6
82.5	27.5	0.00346443	11303.6
82.5	28.5	0.00348969	11233.4
82.5	29.5	0.00356908	11167.7
82.5	30.5	0.00329121	11097.5
82.5	31.5	0.00348969	11032
82.5	32.5	0.00304581	10966.3
82.5	33.5	0.00315046	10896.5
82.5	34.5	0.00285454	10830.6
82.5	35.5	0.00251171	10765
82.5	36.5	0.00224466	10694.9
82.5	37.5	0.00202092	10628.8
82.5	38.5	0.00169252	10558.6
82.5	39.5	0.00150486	10491.9
82.5	40.5	0.00128112	10425.6
82.5	41.5	0.0010682	10354.1
82.5	42.5	0.000894977	10286
82.5	43.5	0.000476359	10212.4
82.5	44.5	0.000396966	10142.1
82.5	45.5	0.000227353	10069.6
82.5	46.5	3.2479e-05	9989.45
